 nb            ed            pr           
 2.000000e-10  9.430928e-10  1.156653e-14 
 2.100000e-10  9.902481e-10  1.252804e-14 
 2.205000e-10  1.039761e-09  1.356916e-14 
 2.315250e-10  1.091750e-09  1.469529e-14 
 2.431013e-10  1.146338e-09  1.591324e-14 
 2.552563e-10  1.203656e-09  1.723162e-14 
 2.680191e-10  1.263840e-09  1.865431e-14 
 2.814201e-10  1.327033e-09  2.019548e-14 
 2.954911e-10  1.393385e-09  2.185818e-14 
 3.102656e-10  1.463056e-09  2.365701e-14 
 3.257789e-10  1.536201e-09  2.562564e-14 
 3.420679e-10  1.613012e-09  2.772830e-14 
 3.591713e-10  1.693664e-09  3.000242e-14 
 3.771298e-10  1.778349e-09  3.245430e-14 
 3.959863e-10  1.867268e-09  3.510528e-14 
 4.157856e-10  1.960634e-09  3.796834e-14 
 4.365749e-10  2.058667e-09  4.106019e-14 
 4.584037e-10  2.161603e-09  4.439845e-14 
 4.813238e-10  2.269685e-09  4.800239e-14 
 5.053900e-10  2.383172e-09  5.189667e-14 
 5.306595e-10  2.502325e-09  5.612424e-14 
 5.571925e-10  2.627444e-09  6.066253e-14 
 5.850521e-10  2.758819e-09  6.554971e-14 
 6.143048e-10  2.896764e-09  7.083255e-14 
 6.450200e-10  3.041605e-09  7.651997e-14 
 6.772710e-10  3.193690e-09  8.265990e-14 
 7.111345e-10  3.353378e-09  8.928120e-14 
 7.466913e-10  3.521052e-09  9.642045e-14 
 7.840258e-10  3.697110e-09  1.041173e-13 
 8.232271e-10  3.881970e-09  1.124138e-13 
 8.643885e-10  4.076066e-09  1.213988e-13 
 9.076079e-10  4.279876e-09  1.310382e-13 
 9.529883e-10  4.493876e-09  1.414244e-13 
 1.000638e-09  4.718578e-09  1.526133e-13 
 1.050670e-09  4.954514e-09  1.646658e-13 
 1.103203e-09  5.202249e-09  1.776464e-13 
 1.158363e-09  5.462370e-09  1.916243e-13 
 1.216281e-09  5.735499e-09  2.066749e-13 
 1.277095e-09  6.022284e-09  2.228930e-13 
 1.340950e-09  6.323410e-09  2.403167e-13 
 1.407998e-09  6.639593e-09  2.590855e-13 
 1.478398e-09  6.971577e-09  2.793423e-13 
 1.552318e-09  7.320171e-09  3.010773e-13 
 1.629933e-09  7.686195e-09  3.244593e-13 
 1.711430e-09  8.070521e-09  3.496345e-13 
 1.797002e-09  8.474065e-09  3.766575e-13 
 1.886852e-09  8.897788e-09  4.057425e-13 
 1.981194e-09  9.342699e-09  4.370130e-13 
 2.080254e-09  9.809856e-09  4.706307e-13 
 2.184267e-09  1.030037e-08  5.067644e-13 
 2.293480e-09  1.081542e-08  5.455969e-13 
 2.408154e-09  1.135621e-08  5.874036e-13 
 2.528562e-09  1.192405e-08  6.322442e-13 
 2.654990e-09  1.252028e-08  6.804173e-13 
 2.787739e-09  1.314633e-08  7.322110e-13 
 2.927126e-09  1.380369e-08  7.877328e-13 
 3.073482e-09  1.449391e-08  8.474071e-13 
 3.227157e-09  1.521865e-08  9.114824e-13 
 3.388514e-09  1.597963e-08  9.802718e-13 
 3.557940e-09  1.677867e-08  1.054115e-12 
 3.735837e-09  1.761765e-08  1.133371e-12 
 3.922629e-09  1.849859e-08  1.218522e-12 
 4.118760e-09  1.942358e-08  1.309889e-12 
 4.324699e-09  2.039483e-08  1.407727e-12 
 4.540933e-09  2.141464e-08  1.512785e-12 
 4.767980e-09  2.248545e-08  1.555688e-12 
 5.006379e-09  2.360980e-08  1.671519e-12 
 5.256698e-09  2.479038e-08  1.795628e-12 
 5.519533e-09  2.602999e-08  1.928837e-12 
 5.795510e-09  2.733159e-08  2.071670e-12 
 6.085285e-09  2.869828e-08  2.224810e-12 
 6.389549e-09  3.013330e-08  2.389091e-12 
 6.709027e-09  3.164009e-08  2.565247e-12 
 7.044478e-09  3.322222e-08  2.753681e-12 
 7.396702e-09  3.488348e-08  2.955819e-12 
 7.766537e-09  3.662781e-08  3.172407e-12 
 8.154864e-09  3.845936e-08  3.404717e-12 
 8.562607e-09  4.038250e-08  3.653367e-12 
 8.990738e-09  4.240182e-08  3.919464e-12 
 9.440274e-09  4.452211e-08  4.204769e-12 
 9.912288e-09  4.674844e-08  4.510337e-12 
 1.040790e-08  4.908608e-08  4.837718e-12 
 1.092830e-08  5.154064e-08  5.188166e-12 
 1.147471e-08  5.411794e-08  5.563409e-12 
 1.204845e-08  5.682412e-08  5.965174e-12 
 1.265087e-08  5.966564e-08  6.395275e-12 
 1.328341e-08  6.264925e-08  6.855693e-12 
 1.394758e-08  6.578207e-08  7.348532e-12 
 1.464496e-08  6.907155e-08  7.876019e-12 
 1.537721e-08  7.252554e-08  8.440557e-12 
 1.614607e-08  7.615225e-08  9.044697e-12 
 1.695338e-08  7.996033e-08  9.691175e-12 
 1.780105e-08  8.395884e-08  1.038306e-11 
 1.869110e-08  8.815732e-08  1.112319e-11 
 1.962565e-08  9.256576e-08  1.191495e-11 
 2.060694e-08  9.719467e-08  1.276201e-11 
 2.163728e-08  1.020551e-07  1.366805e-11 
 2.271915e-08  1.071585e-07  1.463718e-11 
 2.385510e-08  1.125172e-07  1.567377e-11 
 2.504786e-08  1.181439e-07  1.678235e-11 
 2.630025e-08  1.240519e-07  1.796790e-11 
 2.761526e-08  1.302555e-07  1.923573e-11 
 2.899603e-08  1.367692e-07  2.059167e-11 
 3.044583e-08  1.436087e-07  2.204122e-11 
 3.196812e-08  1.507903e-07  2.359109e-11 
 3.356653e-08  1.583311e-07  2.524815e-11 
 3.524485e-08  1.662489e-07  2.701954e-11 
 3.700710e-08  1.745628e-07  2.891340e-11 
 3.885745e-08  1.832924e-07  3.093768e-11 
 4.080032e-08  1.924586e-07  3.310159e-11 
 4.284034e-08  2.020833e-07  3.541448e-11 
 4.498236e-08  2.121893e-07  3.788664e-11 
 4.723147e-08  2.228007e-07  4.053156e-11 
 4.959305e-08  2.339428e-07  4.335273e-11 
 5.207270e-08  2.456422e-07  4.637032e-11 
 5.467633e-08  2.579267e-07  4.959832e-11 
 5.741015e-08  2.708256e-07  5.304118e-11 
 6.028066e-08  2.843696e-07  5.672338e-11 
 6.329469e-08  2.985910e-07  6.065809e-11 
 6.645943e-08  3.135237e-07  6.486211e-11 
 6.978240e-08  3.292032e-07  6.935398e-11 
 7.327152e-08  3.456670e-07  7.415301e-11 
 7.693509e-08  3.629542e-07  7.928046e-11 
 8.078185e-08  3.811060e-07  8.475770e-11 
 8.482094e-08  4.001656e-07  9.060960e-11 
 8.906199e-08  4.201786e-07  9.686071e-11 
 9.351509e-08  4.411926e-07  1.035384e-10 
 9.819084e-08  4.632575e-07  1.106710e-10 
 1.031004e-07  4.864261e-07  1.182905e-10 
 1.082554e-07  5.107536e-07  1.264290e-10 
 1.136682e-07  5.362978e-07  1.351220e-10 
 1.193516e-07  5.631196e-07  1.444159e-10 
 1.253192e-07  5.912831e-07  1.543242e-10 
 1.315851e-07  6.208552e-07  1.649158e-10 
 1.381644e-07  6.519065e-07  1.762387e-10 
 1.450726e-07  6.845109e-07  1.883090e-10 
 1.523262e-07  7.187462e-07  1.995755e-10 
 1.599425e-07  7.546938e-07  2.132427e-10 
 1.679397e-07  7.924392e-07  2.199056e-10 
 1.763366e-07  8.320725e-07  2.349394e-10 
 1.851535e-07  8.736882e-07  2.510088e-10 
 1.944111e-07  9.173856e-07  2.681694e-10 
 2.041317e-07  9.632688e-07  2.864922e-10 
 2.143383e-07  1.011447e-06  3.060593e-10 
 2.250552e-07  1.062035e-06  3.269537e-10 
 2.363080e-07  1.115154e-06  3.492646e-10 
 2.481234e-07  1.170930e-06  3.730863e-10 
 2.605295e-07  1.229495e-06  3.985228e-10 
 2.735560e-07  1.290991e-06  4.256831e-10 
 2.872338e-07  1.355562e-06  4.547086e-10 
 3.015955e-07  1.423364e-06  4.856436e-10 
 3.166753e-07  1.494557e-06  5.187020e-10 
 3.325090e-07  1.569312e-06  5.539976e-10 
 3.491345e-07  1.647806e-06  5.916833e-10 
 3.665912e-07  1.730227e-06  6.319147e-10 
 3.849208e-07  1.816771e-06  6.748691e-10 
 4.041668e-07  1.907644e-06  7.207291e-10 
 4.243752e-07  2.003064e-06  7.696875e-10 
 4.455939e-07  2.103257e-06  8.219582e-10 
 4.678736e-07  2.208462e-06  8.777573e-10 
 4.912673e-07  2.318930e-06  9.373299e-10 
 5.158307e-07  2.434925e-06  1.000929e-09 
 5.416222e-07  2.556723e-06  1.068825e-09 
 5.687033e-07  2.684615e-06  1.141302e-09 
 5.971385e-07  2.818904e-06  1.218676e-09 
 6.269954e-07  2.959913e-06  1.301273e-09 
 6.583452e-07  3.107975e-06  1.389451e-09 
 6.912624e-07  3.263446e-06  1.483665e-09 
 7.258255e-07  3.426695e-06  1.584062e-09 
 7.621168e-07  3.598112e-06  1.691317e-09 
 8.002226e-07  3.778103e-06  1.731768e-09 
 8.402338e-07  3.967097e-06  1.848993e-09 
 8.822455e-07  4.165548e-06  1.974128e-09 
 9.263577e-07  4.373927e-06  2.107712e-09 
 9.726756e-07  4.592729e-06  2.192774e-09 
 1.021309e-06  4.822479e-06  2.341101e-09 
 1.072375e-06  5.063724e-06  2.499442e-09 
 1.125994e-06  5.317039e-06  2.668452e-09 
 1.182293e-06  5.583029e-06  2.848858e-09 
 1.241408e-06  5.862328e-06  3.041427e-09 
 1.303478e-06  6.155601e-06  3.247159e-09 
 1.368652e-06  6.463549e-06  3.466369e-09 
 1.437085e-06  6.786906e-06  3.700782e-09 
 1.508939e-06  7.126442e-06  3.950534e-09 
 1.584386e-06  7.482968e-06  4.217357e-09 
 1.663605e-06  7.857334e-06  4.502158e-09 
 1.746786e-06  8.250434e-06  4.806437e-09 
 1.834125e-06  8.663198e-06  4.910527e-09 
 1.925831e-06  9.096612e-06  5.242010e-09 
 2.022123e-06  9.551713e-06  5.595854e-09 
 2.123229e-06  1.002959e-05  5.973872e-09 
 2.229390e-06  1.053138e-05  6.376647e-09 
 2.340860e-06  1.105827e-05  6.807286e-09 
 2.457903e-06  1.161154e-05  7.266116e-09 
 2.580798e-06  1.219249e-05  7.756281e-09 
 2.709838e-06  1.280252e-05  8.279490e-09 
 2.845330e-06  1.344307e-05  8.837861e-09 
 2.987596e-06  1.411568e-05  9.433854e-09 
 3.136976e-06  1.482195e-05  1.006999e-08 
 3.293825e-06  1.556357e-05  1.074892e-08 
 3.458516e-06  1.634230e-05  1.147358e-08 
 3.631442e-06  1.716001e-05  1.224706e-08 
 3.813014e-06  1.801864e-05  1.307260e-08 
 4.003665e-06  1.892025e-05  1.395366e-08 
 4.203848e-06  1.986699e-05  1.489491e-08 
 4.414040e-06  2.086110e-05  1.589778e-08 
 4.634742e-06  2.190498e-05  1.696893e-08 
 4.866480e-06  2.300111e-05  1.811236e-08 
 5.109804e-06  2.415210e-05  1.933257e-08 
 5.365294e-06  2.536070e-05  2.063617e-08 
 5.633558e-06  2.662980e-05  2.202629e-08 
 5.915236e-06  2.796243e-05  2.350996e-08 
 6.210998e-06  2.936175e-05  2.392503e-08 
 6.521548e-06  3.083108e-05  2.553638e-08 
 6.847625e-06  3.237395e-05  2.725627e-08 
 7.190007e-06  3.399405e-05  2.909182e-08 
 7.549507e-06  3.569526e-05  3.105272e-08 
 7.926982e-06  3.748163e-05  3.314372e-08 
 8.323332e-06  3.935742e-05  3.537349e-08 
 8.739498e-06  4.132712e-05  3.775520e-08 
 9.176473e-06  4.339542e-05  4.029715e-08 
 9.635297e-06  4.556728e-05  4.300998e-08 
 1.011706e-05  4.784786e-05  4.590537e-08 
 1.062291e-05  5.024263e-05  4.899559e-08 
 1.115406e-05  5.275729e-05  5.229392e-08 
 1.171176e-05  5.539786e-05  5.581374e-08 
 1.229735e-05  5.817063e-05  5.957048e-08 
 1.291222e-05  6.108224e-05  6.357976e-08 
 1.355783e-05  6.413964e-05  6.785888e-08 
 1.423572e-05  6.735012e-05  7.242601e-08 
 1.494751e-05  7.072137e-05  7.730015e-08 
 1.569488e-05  7.426143e-05  8.250180e-08 
 1.647963e-05  7.797871e-05  8.359041e-08 
 1.730361e-05  8.188196e-05  8.921557e-08 
 1.816879e-05  8.598067e-05  9.522427e-08 
 1.907723e-05  9.028462e-05  1.016318e-07 
 2.003109e-05  9.480410e-05  1.084642e-07 
 2.103264e-05  9.954991e-05  1.157621e-07 
 2.208428e-05  1.045334e-04  1.235513e-07 
 2.318849e-05  1.097664e-04  1.318633e-07 
 2.434791e-05  1.152616e-04  1.407356e-07 
 2.556531e-05  1.210319e-04  1.502035e-07 
 2.684358e-05  1.270913e-04  1.603081e-07 
 2.818575e-05  1.334541e-04  1.710932e-07 
 2.959504e-05  1.401357e-04  1.826030e-07 
 3.107479e-05  1.471519e-04  1.948861e-07 
 3.262853e-05  1.545195e-04  2.079959e-07 
 3.425996e-05  1.622563e-04  2.219879e-07 
 3.597296e-05  1.703805e-04  2.237681e-07 
 3.777161e-05  1.789111e-04  2.388341e-07 
 3.966019e-05  1.878690e-04  2.548993e-07 
 4.164320e-05  1.972756e-04  2.720301e-07 
 4.372536e-05  2.071534e-04  2.903267e-07 
 4.591162e-05  2.175261e-04  3.098547e-07 
 4.820721e-05  2.284184e-04  3.306969e-07 
 5.061757e-05  2.398564e-04  3.529384e-07 
 5.314844e-05  2.518675e-04  3.766761e-07 
 5.580587e-05  2.644800e-04  3.884843e-07 
 5.859616e-05  2.777238e-04  4.069884e-07 
 6.152597e-05  2.916310e-04  4.343648e-07 
 6.460227e-05  3.062350e-04  4.635787e-07 
 6.783238e-05  3.215707e-04  4.947601e-07 
 7.122400e-05  3.376748e-04  5.280335e-07 
 7.478520e-05  3.545857e-04  5.416399e-07 
 7.852446e-05  3.723430e-04  5.780692e-07 
 8.245068e-05  3.909900e-04  6.169492e-07 
 8.657322e-05  4.105713e-04  6.584430e-07 
 9.090188e-05  4.311339e-04  7.027272e-07 
 9.544697e-05  4.527269e-04  7.499895e-07 
 1.002193e-04  4.754020e-04  8.004301e-07 
 1.052303e-04  4.992134e-04  8.543078e-07 
 1.104918e-04  5.242175e-04  8.739240e-07 
 1.160164e-04  5.504735e-04  9.326941e-07 
 1.218172e-04  5.780453e-04  9.954224e-07 
 1.279081e-04  6.069990e-04  1.062373e-06 
 1.343035e-04  6.374038e-04  1.133816e-06 
 1.410186e-04  6.693326e-04  1.210075e-06 
 1.480696e-04  7.028617e-04  1.291448e-06 
 1.554731e-04  7.380709e-04  1.317238e-06 
 1.632467e-04  7.750425e-04  1.405822e-06 
 1.714090e-04  8.138673e-04  1.500373e-06 
 1.799795e-04  8.546381e-04  1.601362e-06 
 1.889785e-04  8.974527e-04  1.708976e-06 
 1.984274e-04  9.424136e-04  1.823898e-06 
 2.083488e-04  9.896285e-04  1.946561e-06 
 2.187662e-04  1.039211e-03  2.077470e-06 
 2.297045e-04  1.091274e-03  2.109847e-06 
 2.411897e-04  1.145945e-03  2.178738e-06 
 2.532492e-04  1.203353e-03  2.234723e-06 
 2.659117e-04  1.263634e-03  2.287696e-06 
 2.792073e-04  1.326931e-03  2.340058e-06 
 2.931676e-04  1.393396e-03  2.392959e-06 
 3.078260e-04  1.463187e-03  2.447154e-06 
 3.232173e-04  1.536470e-03  2.503207e-06 
 3.393782e-04  1.613420e-03  2.561537e-06 
 3.563471e-04  1.694220e-03  2.622586e-06 
 3.741644e-04  1.779064e-03  2.686668e-06 
 3.928727e-04  1.868153e-03  2.754227e-06 
 4.125163e-04  1.961700e-03  2.825552e-06 
 4.331421e-04  2.059928e-03  2.901079e-06 
 4.547992e-04  2.163072e-03  2.981354e-06 
 4.775392e-04  2.271377e-03  3.066268e-06 
 5.014161e-04  2.385101e-03  3.156761e-06 
 5.264870e-04  2.504516e-03  3.253116e-06 
 5.528113e-04  2.629907e-03  3.355825e-06 
 5.804519e-04  2.761573e-03  3.416953e-06 
 6.094745e-04  2.899825e-03  3.534249e-06 
 6.399482e-04  3.044996e-03  3.659307e-06 
 6.719456e-04  3.197432e-03  3.792725e-06 
 7.055429e-04  3.357497e-03  3.935606e-06 
 7.408200e-04  3.525573e-03  4.088444e-06 
 7.778610e-04  3.702060e-03  4.252009e-06 
 8.167541e-04  3.887380e-03  4.427106e-06 
 8.575918e-04  4.081974e-03  4.614639e-06 
 9.004714e-04  4.286309e-03  4.815500e-06 
 9.454949e-04  4.500870e-03  5.030752e-06 
 9.927697e-04  4.726171e-03  5.261478e-06 
 1.042408e-03  4.962749e-03  5.508762e-06 
 1.094529e-03  5.211168e-03  5.773886e-06 
 1.149255e-03  5.472022e-03  6.058203e-06 
 1.206718e-03  5.745934e-03  6.363115e-06 
 1.267054e-03  6.033557e-03  6.690098e-06 
 1.330406e-03  6.335577e-03  7.040811e-06 
 1.396927e-03  6.652718e-03  7.417052e-06 
 1.466773e-03  6.985734e-03  7.820611e-06 
 1.540112e-03  7.335422e-03  8.208050e-06 
 1.617117e-03  7.702614e-03  8.671885e-06 
 1.697973e-03  8.088191e-03  9.169495e-06 
 1.782872e-03  8.493072e-03  9.703831e-06 
 1.872015e-03  8.918225e-03  1.027585e-05 
 1.965616e-03  9.364665e-03  1.089003e-05 
 2.063897e-03  9.833459e-03  1.154945e-05 
 2.167092e-03  1.032573e-02  1.225527e-05 
 2.275446e-03  1.084264e-02  1.301302e-05 
 2.389219e-03  1.138545e-02  1.381259e-05 
 2.508680e-03  1.195543e-02  1.468358e-05 
 2.634113e-03  1.255396e-02  1.561841e-05 
 2.765819e-03  1.318246e-02  1.661861e-05 
 2.904110e-03  1.384244e-02  1.769184e-05 
 3.049316e-03  1.453548e-02  1.884187e-05 
 3.201781e-03  1.526247e-02  1.948259e-05 
 3.361870e-03  1.602660e-02  2.078195e-05 
 3.529964e-03  1.682901e-02  2.209290e-05 
 3.706462e-03  1.767161e-02  2.370427e-05 
 3.891785e-03  1.855641e-02  2.543112e-05 
 4.086375e-03  1.948554e-02  2.704273e-05 
 4.290693e-03  2.046121e-02  2.887066e-05 
 4.505228e-03  2.148576e-02  3.085567e-05 
 4.730489e-03  2.256164e-02  3.292874e-05 
 4.967014e-03  2.369143e-02  3.514314e-05 
 5.215365e-03  2.487782e-02  3.764650e-05 
 5.476133e-03  2.612366e-02  4.010603e-05 
 5.749939e-03  2.743191e-02  4.300483e-05 
 6.037436e-03  2.880573e-02  4.597673e-05 
 6.339308e-03  3.024839e-02  4.915152e-05 
 6.656274e-03  3.176334e-02  5.181590e-05 
 6.989087e-03  3.335418e-02  5.541001e-05 
 7.338542e-03  3.502475e-02  5.924949e-05 
 7.705469e-03  3.677905e-02  6.286012e-05 
 8.090742e-03  3.862125e-02  6.713874e-05 
 8.495279e-03  4.055579e-02  7.170748e-05 
 8.920043e-03  4.258734e-02  7.644516e-05 
 9.366045e-03  4.472065e-02  8.133468e-05 
 9.834348e-03  4.696092e-02  8.770518e-05 
 1.032607e-02  4.931348e-02  9.291006e-05 
 1.084237e-02  5.178395e-02  9.949475e-05 
 1.138449e-02  5.437830e-02  1.065377e-04 
 1.195371e-02  5.710272e-02  1.140716e-04 
 1.255140e-02  5.996370e-02  1.207709e-04 
 1.317897e-02  6.296812e-02  1.291282e-04 
 1.383791e-02  6.612321e-02  1.382412e-04 
 1.452981e-02  6.943652e-02  1.479961e-04 
 1.525630e-02  7.291593e-02  1.568258e-04 
 1.601912e-02  7.656984e-02  1.678955e-04 
 1.682007e-02  8.040701e-02  1.797572e-04 
 1.766108e-02  8.443660e-02  1.901943e-04 
 1.854413e-02  8.866827e-02  2.036668e-04 
 1.947134e-02  9.311222e-02  2.181273e-04 
 2.044490e-02  9.777912e-02  2.336599e-04 
 2.146715e-02  1.026800e-01  2.472848e-04 
 2.254051e-02  1.078268e-01  2.650207e-04 
 2.366753e-02  1.132319e-01  2.841247e-04 
 2.485091e-02  1.189082e-01  3.047266e-04 
 2.609345e-02  1.248694e-01  3.269724e-04 
 2.739812e-02  1.311298e-01  3.510277e-04 
 2.876803e-02  1.377045e-01  3.722372e-04 
 3.020643e-02  1.446090e-01  4.001167e-04 
 3.171675e-02  1.518602e-01  4.304155e-04 
 3.330259e-02  1.594756e-01  4.572610e-04 
 3.496772e-02  1.674731e-01  4.927627e-04 
 3.671611e-02  1.758724e-01  5.258170e-04 
 3.855191e-02  1.846930e-01  5.704636e-04 
 4.047951e-02  1.939572e-01  6.111921e-04 
 4.250348e-02  2.036867e-01  6.619009e-04 
 4.462866e-02  2.139054e-01  7.111386e-04 
 4.686009e-02  2.246376e-01  7.726162e-04 
 4.920310e-02  2.359100e-01  8.433679e-04 
 5.166325e-02  2.477502e-01  9.225639e-04 
 5.424641e-02  2.601870e-01  1.012458e-03 
 5.695873e-02  2.732516e-01  1.113233e-03 
 5.980667e-02  2.869758e-01  1.227358e-03 
 6.279700e-02  3.013945e-01  1.356526e-03 
 6.593685e-02  3.165430e-01  1.504607e-03 
 6.923370e-02  3.324605e-01  1.674423e-03 
 7.269538e-02  3.491888e-01  1.869975e-03 
 7.633015e-02  3.667703e-01  2.093875e-03 
