 nb            ed            pr           
 2.000000e-10  9.430934e-10  1.157091e-14 
 2.100000e-10  9.902487e-10  1.253369e-14 
 2.205000e-10  1.039762e-09  1.357521e-14 
 2.315250e-10  1.091751e-09  1.470173e-14 
 2.431013e-10  1.146339e-09  1.592008e-14 
 2.552563e-10  1.203657e-09  1.723760e-14 
 2.680191e-10  1.263840e-09  1.866215e-14 
 2.814201e-10  1.327033e-09  2.020227e-14 
 2.954911e-10  1.393386e-09  2.186710e-14 
 3.102656e-10  1.463056e-09  2.366654e-14 
 3.257789e-10  1.536202e-09  2.563582e-14 
 3.420679e-10  1.613013e-09  2.773911e-14 
 3.591713e-10  1.693665e-09  3.001170e-14 
 3.771298e-10  1.778350e-09  3.246664e-14 
 3.959863e-10  1.867269e-09  3.511845e-14 
 4.157856e-10  1.960634e-09  3.798536e-14 
 4.365749e-10  2.058668e-09  4.107519e-14 
 4.584037e-10  2.161604e-09  4.441442e-14 
 4.813238e-10  2.269686e-09  4.801950e-14 
 5.053900e-10  2.383173e-09  5.191491e-14 
 5.306595e-10  2.502325e-09  5.614378e-14 
 5.571925e-10  2.627444e-09  6.067867e-14 
 5.850521e-10  2.758820e-09  6.557186e-14 
 6.143048e-10  2.896764e-09  7.085094e-14 
 6.450200e-10  3.041606e-09  7.654521e-14 
 6.772710e-10  3.193690e-09  8.268690e-14 
 7.111345e-10  3.353379e-09  8.930990e-14 
 7.466913e-10  3.521053e-09  9.645112e-14 
 7.840258e-10  3.697111e-09  1.041500e-13 
 8.232271e-10  3.881971e-09  1.124488e-13 
 8.643885e-10  4.076067e-09  1.214363e-13 
 9.076079e-10  4.279877e-09  1.310878e-13 
 9.529883e-10  4.493877e-09  1.414668e-13 
 1.000638e-09  4.718578e-09  1.526586e-13 
 1.050670e-09  4.954515e-09  1.647144e-13 
 1.103203e-09  5.202250e-09  1.776980e-13 
 1.158363e-09  5.462371e-09  1.916795e-13 
 1.216281e-09  5.735500e-09  2.067333e-13 
 1.277095e-09  6.022285e-09  2.229398e-13 
 1.340950e-09  6.323411e-09  2.403833e-13 
 1.407998e-09  6.639594e-09  2.591568e-13 
 1.478398e-09  6.971578e-09  2.794194e-13 
 1.552318e-09  7.320171e-09  3.011588e-13 
 1.629933e-09  7.686196e-09  3.245462e-13 
 1.711430e-09  8.070522e-09  3.497017e-13 
 1.797002e-09  8.474066e-09  3.767557e-13 
 1.886852e-09  8.897789e-09  4.058476e-13 
 1.981194e-09  9.342700e-09  4.371260e-13 
 2.080254e-09  9.809858e-09  4.707503e-13 
 2.184267e-09  1.030037e-08  5.069286e-13 
 2.293480e-09  1.081542e-08  5.457341e-13 
 2.408154e-09  1.135621e-08  5.875917e-13 
 2.528562e-09  1.192405e-08  6.324005e-13 
 2.654990e-09  1.252029e-08  6.806311e-13 
 2.787739e-09  1.314634e-08  7.323376e-13 
 2.927126e-09  1.380369e-08  7.879227e-13 
 3.073482e-09  1.449392e-08  8.476699e-13 
 3.227157e-09  1.521866e-08  9.116978e-13 
 3.388514e-09  1.597964e-08  9.805050e-13 
 3.557940e-09  1.677867e-08  1.054363e-12 
 3.735837e-09  1.761766e-08  1.133634e-12 
 3.922629e-09  1.849859e-08  1.218804e-12 
 4.118760e-09  1.942358e-08  1.310098e-12 
 4.324699e-09  2.039483e-08  1.408046e-12 
 4.540933e-09  2.141464e-08  1.513130e-12 
 4.767980e-09  2.248545e-08  1.556060e-12 
 5.006379e-09  2.360981e-08  1.671802e-12 
 5.256698e-09  2.479038e-08  1.796048e-12 
 5.519533e-09  2.602999e-08  1.929288e-12 
 5.795510e-09  2.733159e-08  2.072155e-12 
 6.085285e-09  2.869828e-08  2.225331e-12 
 6.389549e-09  3.013330e-08  2.389643e-12 
 6.709027e-09  3.164009e-08  2.565656e-12 
 7.044478e-09  3.322223e-08  2.754311e-12 
 7.396702e-09  3.488348e-08  2.956685e-12 
 7.766537e-09  3.662781e-08  3.173341e-12 
 8.154864e-09  3.845936e-08  3.405254e-12 
 8.562607e-09  4.038251e-08  3.653933e-12 
 8.990738e-09  4.240182e-08  3.920601e-12 
 9.440274e-09  4.452212e-08  4.205695e-12 
 9.912288e-09  4.674844e-08  4.511318e-12 
 1.040790e-08  4.908609e-08  4.838773e-12 
 1.092830e-08  5.154064e-08  5.189288e-12 
 1.147471e-08  5.411794e-08  5.564611e-12 
 1.204845e-08  5.682413e-08  5.966443e-12 
 1.265087e-08  5.966564e-08  6.396636e-12 
 1.328341e-08  6.264926e-08  6.857154e-12 
 1.394758e-08  6.578207e-08  7.350083e-12 
 1.464496e-08  6.907156e-08  7.877677e-12 
 1.537721e-08  7.252554e-08  8.442329e-12 
 1.614607e-08  7.615226e-08  9.046588e-12 
 1.695338e-08  7.996034e-08  9.693187e-12 
 1.780105e-08  8.395885e-08  1.038523e-11 
 1.869110e-08  8.815733e-08  1.112550e-11 
 1.962565e-08  9.256577e-08  1.191741e-11 
 2.060694e-08  9.719467e-08  1.276459e-11 
 2.163728e-08  1.020551e-07  1.367084e-11 
 2.271915e-08  1.071585e-07  1.464112e-11 
 2.385510e-08  1.125172e-07  1.567698e-11 
 2.504786e-08  1.181439e-07  1.678574e-11 
 2.630025e-08  1.240519e-07  1.797154e-11 
 2.761526e-08  1.302555e-07  1.923960e-11 
 2.899603e-08  1.367692e-07  2.059576e-11 
 3.044583e-08  1.436088e-07  2.204705e-11 
 3.196812e-08  1.507903e-07  2.359577e-11 
 3.356653e-08  1.583311e-07  2.525318e-11 
 3.524485e-08  1.662489e-07  2.702667e-11 
 3.700710e-08  1.745628e-07  2.891908e-11 
 3.885745e-08  1.832924e-07  3.094381e-11 
 4.080032e-08  1.924586e-07  3.310819e-11 
 4.284034e-08  2.020833e-07  3.542150e-11 
 4.498236e-08  2.121893e-07  3.789407e-11 
 4.723147e-08  2.228007e-07  4.053687e-11 
 4.959305e-08  2.339428e-07  4.336111e-11 
 5.207270e-08  2.456422e-07  4.637935e-11 
 5.467633e-08  2.579267e-07  4.960795e-11 
 5.741015e-08  2.708256e-07  5.305484e-11 
 6.028066e-08  2.843696e-07  5.673456e-11 
 6.329469e-08  2.985911e-07  6.067360e-11 
 6.645943e-08  3.135237e-07  6.487451e-11 
 6.978240e-08  3.292033e-07  6.936721e-11 
 7.327152e-08  3.456670e-07  7.417172e-11 
 7.693509e-08  3.629542e-07  7.929565e-11 
 8.078185e-08  3.811060e-07  8.477926e-11 
 8.482094e-08  4.001657e-07  9.063231e-11 
 8.906199e-08  4.201787e-07  9.687886e-11 
 9.351509e-08  4.411926e-07  1.035581e-10 
 9.819084e-08  4.632576e-07  1.106923e-10 
 1.031004e-07  4.864262e-07  1.183129e-10 
 1.082554e-07  5.107536e-07  1.264530e-10 
 1.136682e-07  5.362978e-07  1.351477e-10 
 1.193516e-07  5.631197e-07  1.444341e-10 
 1.253192e-07  5.912832e-07  1.543528e-10 
 1.315851e-07  6.208553e-07  1.649470e-10 
 1.381644e-07  6.519066e-07  1.762611e-10 
 1.450726e-07  6.845110e-07  1.883444e-10 
 1.523262e-07  7.187463e-07  1.996234e-10 
 1.599425e-07  7.546939e-07  2.132940e-10 
 1.679397e-07  7.924393e-07  2.199338e-10 
 1.763366e-07  8.320726e-07  2.349850e-10 
 1.851535e-07  8.736884e-07  2.510561e-10 
 1.944111e-07  9.173858e-07  2.682189e-10 
 2.041317e-07  9.632689e-07  2.865463e-10 
 2.143383e-07  1.011447e-06  3.061173e-10 
 2.250552e-07  1.062035e-06  3.270154e-10 
 2.363080e-07  1.115154e-06  3.493295e-10 
 2.481234e-07  1.170930e-06  3.731566e-10 
 2.605295e-07  1.229496e-06  3.985978e-10 
 2.735560e-07  1.290991e-06  4.257881e-10 
 2.872338e-07  1.355562e-06  4.547658e-10 
 3.015955e-07  1.423364e-06  4.857358e-10 
 3.166753e-07  1.494557e-06  5.187985e-10 
 3.325090e-07  1.569312e-06  5.541015e-10 
 3.491345e-07  1.647806e-06  5.917942e-10 
 3.665912e-07  1.730227e-06  6.320330e-10 
 3.849208e-07  1.816771e-06  6.749944e-10 
 4.041668e-07  1.907645e-06  7.209062e-10 
 4.243752e-07  2.003064e-06  7.698313e-10 
 4.455939e-07  2.103257e-06  8.221102e-10 
 4.678736e-07  2.208462e-06  8.779224e-10 
 4.912673e-07  2.318931e-06  9.375080e-10 
 5.158307e-07  2.434926e-06  1.001118e-09 
 5.416222e-07  2.556724e-06  1.069086e-09 
 5.687033e-07  2.684615e-06  1.141516e-09 
 5.971385e-07  2.818905e-06  1.218901e-09 
 6.269954e-07  2.959913e-06  1.301595e-09 
 6.583452e-07  3.107976e-06  1.389707e-09 
 6.912624e-07  3.263447e-06  1.483849e-09 
 7.258255e-07  3.426696e-06  1.584351e-09 
 7.621168e-07  3.598112e-06  1.691632e-09 
 8.002226e-07  3.778104e-06  1.732094e-09 
 8.402338e-07  3.967098e-06  1.849451e-09 
 8.822455e-07  4.165549e-06  1.974618e-09 
 9.263577e-07  4.373928e-06  2.108108e-09 
 9.726756e-07  4.592731e-06  2.193266e-09 
 1.021309e-06  4.822481e-06  2.341633e-09 
 1.072375e-06  5.063726e-06  2.500144e-09 
 1.125994e-06  5.317041e-06  2.669044e-09 
 1.182293e-06  5.583031e-06  2.849495e-09 
 1.241408e-06  5.862330e-06  3.042097e-09 
 1.303478e-06  6.155603e-06  3.247688e-09 
 1.368652e-06  6.463551e-06  3.467140e-09 
 1.437085e-06  6.786908e-06  3.701395e-09 
 1.508939e-06  7.126445e-06  3.951438e-09 
 1.584386e-06  7.482971e-06  4.218321e-09 
 1.663605e-06  7.857338e-06  4.503167e-09 
 1.746786e-06  8.250437e-06  4.807236e-09 
 1.834125e-06  8.663201e-06  4.911581e-09 
 1.925831e-06  9.096615e-06  5.243151e-09 
 2.022123e-06  9.551717e-06  5.597071e-09 
 2.123229e-06  1.002959e-05  5.974823e-09 
 2.229390e-06  1.053138e-05  6.378002e-09 
 2.340860e-06  1.105828e-05  6.808372e-09 
 2.457903e-06  1.161154e-05  7.267695e-09 
 2.580798e-06  1.219250e-05  7.758000e-09 
 2.709838e-06  1.280252e-05  8.281251e-09 
 2.845330e-06  1.344308e-05  8.839814e-09 
 2.987596e-06  1.411569e-05  9.435910e-09 
 3.136976e-06  1.482196e-05  1.007222e-08 
 3.293825e-06  1.556358e-05  1.075126e-08 
 3.458516e-06  1.634231e-05  1.147608e-08 
 3.631442e-06  1.716002e-05  1.225042e-08 
 3.813014e-06  1.801865e-05  1.307544e-08 
 4.003665e-06  1.892026e-05  1.395667e-08 
 4.203848e-06  1.986700e-05  1.489725e-08 
 4.414040e-06  2.086111e-05  1.590122e-08 
 4.634742e-06  2.190499e-05  1.697265e-08 
 4.866480e-06  2.300112e-05  1.811622e-08 
 5.109804e-06  2.415211e-05  1.933676e-08 
 5.365294e-06  2.536071e-05  2.063942e-08 
 5.633558e-06  2.662982e-05  2.202977e-08 
 5.915236e-06  2.796244e-05  2.351380e-08 
 6.210998e-06  2.936177e-05  2.393005e-08 
 6.521548e-06  3.083109e-05  2.554173e-08 
 6.847625e-06  3.237397e-05  2.726199e-08 
 7.190007e-06  3.399407e-05  2.909806e-08 
 7.549507e-06  3.569528e-05  3.105927e-08 
 7.926982e-06  3.748165e-05  3.314891e-08 
 8.323332e-06  3.935744e-05  3.538288e-08 
 8.739498e-06  4.132714e-05  3.776307e-08 
 9.176473e-06  4.339545e-05  4.030565e-08 
 9.635297e-06  4.556730e-05  4.301894e-08 
 1.011706e-05  4.784789e-05  4.591511e-08 
 1.062291e-05  5.024266e-05  4.900592e-08 
 1.115406e-05  5.275732e-05  5.230458e-08 
 1.171176e-05  5.539789e-05  5.582537e-08 
 1.229735e-05  5.817067e-05  5.958295e-08 
 1.291222e-05  6.108228e-05  6.359680e-08 
 1.355783e-05  6.413968e-05  6.787335e-08 
 1.423572e-05  6.735017e-05  7.244108e-08 
 1.494751e-05  7.072142e-05  7.731613e-08 
 1.569488e-05  7.426148e-05  8.251911e-08 
 1.647963e-05  7.797876e-05  8.360790e-08 
 1.730361e-05  8.188202e-05  8.923376e-08 
 1.816879e-05  8.598073e-05  9.523876e-08 
 1.907723e-05  9.028469e-05  1.016470e-07 
 2.003109e-05  9.480417e-05  1.084864e-07 
 2.103264e-05  9.954998e-05  1.157923e-07 
 2.208428e-05  1.045335e-04  1.235831e-07 
 2.318849e-05  1.097665e-04  1.318910e-07 
 2.434791e-05  1.152617e-04  1.407637e-07 
 2.556531e-05  1.210320e-04  1.502343e-07 
 2.684358e-05  1.270914e-04  1.603410e-07 
 2.818575e-05  1.334542e-04  1.711374e-07 
 2.959504e-05  1.401358e-04  1.826400e-07 
 3.107479e-05  1.471520e-04  1.949269e-07 
 3.262853e-05  1.545197e-04  2.080396e-07 
 3.425996e-05  1.622564e-04  2.220331e-07 
 3.597296e-05  1.703806e-04  2.238258e-07 
 3.777161e-05  1.789112e-04  2.388693e-07 
 3.966019e-05  1.878691e-04  2.549354e-07 
 4.164320e-05  1.972758e-04  2.720839e-07 
 4.372536e-05  2.071536e-04  2.903865e-07 
 4.591162e-05  2.175263e-04  3.099185e-07 
 4.820721e-05  2.284186e-04  3.307609e-07 
 5.061757e-05  2.398566e-04  3.530094e-07 
 5.314844e-05  2.518677e-04  3.767731e-07 
 5.580587e-05  2.644802e-04  3.885397e-07 
 5.859616e-05  2.777242e-04  4.070997e-07 
 6.152597e-05  2.916314e-04  4.344819e-07 
 6.460227e-05  3.062354e-04  4.637306e-07 
 6.783238e-05  3.215711e-04  4.948948e-07 
 7.122400e-05  3.376753e-04  5.281782e-07 
 7.478520e-05  3.545861e-04  5.417847e-07 
 7.852446e-05  3.723434e-04  5.782231e-07 
 8.245068e-05  3.909905e-04  6.171121e-07 
 8.657322e-05  4.105719e-04  6.586190e-07 
 9.090188e-05  4.311345e-04  7.029121e-07 
 9.544697e-05  4.527275e-04  7.501885e-07 
 1.002193e-04  4.754026e-04  8.006416e-07 
 1.052303e-04  4.992141e-04  8.544885e-07 
 1.104918e-04  5.242182e-04  8.741492e-07 
 1.160164e-04  5.504742e-04  9.329407e-07 
 1.218172e-04  5.780461e-04  9.956846e-07 
 1.279081e-04  6.069999e-04  1.062651e-06 
 1.343035e-04  6.374047e-04  1.134112e-06 
 1.410186e-04  6.693336e-04  1.210386e-06 
 1.480696e-04  7.028628e-04  1.291791e-06 
 1.554731e-04  7.380720e-04  1.317581e-06 
 1.632467e-04  7.750436e-04  1.406183e-06 
 1.714090e-04  8.138684e-04  1.500763e-06 
 1.799795e-04  8.546394e-04  1.601684e-06 
 1.889785e-04  8.974541e-04  1.709399e-06 
 1.984274e-04  9.424151e-04  1.824362e-06 
 2.083488e-04  9.896300e-04  1.947066e-06 
 2.187662e-04  1.039212e-03  2.078013e-06 
 2.297045e-04  1.091276e-03  2.112429e-06 
 2.411897e-04  1.145949e-03  2.254497e-06 
 2.532492e-04  1.203363e-03  2.406252e-06 
 2.659117e-04  1.263655e-03  2.558277e-06 
 2.792073e-04  1.326968e-03  2.634890e-06 
 2.931676e-04  1.393449e-03  2.696647e-06 
 3.078260e-04  1.463258e-03  2.753430e-06 
 3.232173e-04  1.536560e-03  2.808325e-06 
 3.393782e-04  1.613530e-03  2.862536e-06 
 3.563471e-04  1.694351e-03  2.917047e-06 
 3.741644e-04  1.779216e-03  2.971916e-06 
 3.928727e-04  1.868326e-03  3.028068e-06 
 4.125163e-04  1.961895e-03  3.085658e-06 
 4.331421e-04  2.060146e-03  3.145008e-06 
 4.547992e-04  2.163311e-03  3.172774e-06 
 4.775392e-04  2.271636e-03  3.237645e-06 
 5.014161e-04  2.385382e-03  3.305147e-06 
 5.264870e-04  2.504818e-03  3.375331e-06 
 5.528113e-04  2.630229e-03  3.448423e-06 
 5.804519e-04  2.761915e-03  3.524682e-06 
 6.094745e-04  2.900189e-03  3.604281e-06 
 6.399482e-04  3.045381e-03  3.687496e-06 
 6.719456e-04  3.197836e-03  3.774550e-06 
 7.055429e-04  3.357919e-03  3.865649e-06 
 7.408200e-04  3.526011e-03  3.961078e-06 
 7.778610e-04  3.702512e-03  4.060992e-06 
 8.167541e-04  3.887843e-03  4.165743e-06 
 8.575918e-04  4.082446e-03  4.275709e-06 
 9.004714e-04  4.286785e-03  4.390474e-06 
 9.454949e-04  4.501347e-03  4.511005e-06 
 9.927697e-04  4.726643e-03  4.637320e-06 
 1.042408e-03  4.963210e-03  4.769626e-06 
 1.094529e-03  5.211612e-03  4.908245e-06 
 1.149255e-03  5.472442e-03  5.053358e-06 
 1.206718e-03  5.746321e-03  5.205249e-06 
 1.267054e-03  6.033901e-03  5.364169e-06 
 1.330406e-03  6.335868e-03  5.530362e-06 
 1.396927e-03  6.652942e-03  5.704326e-06 
 1.466773e-03  6.985879e-03  5.885363e-06 
 1.540112e-03  7.335472e-03  6.074649e-06 
 1.617117e-03  7.702554e-03  6.272060e-06 
 1.697973e-03  8.088000e-03  6.477690e-06 
 1.782872e-03  8.492730e-03  6.692158e-06 
 1.872015e-03  8.917706e-03  6.914443e-06 
 1.965616e-03  9.363943e-03  7.145731e-06 
 2.063897e-03  9.832503e-03  7.385764e-06 
 2.167092e-03  1.032450e-02  7.634493e-06 
 2.275446e-03  1.084112e-02  7.891958e-06 
 2.389219e-03  1.138357e-02  8.158560e-06 
 2.508680e-03  1.195317e-02  8.432807e-06 
 2.634113e-03  1.255125e-02  8.699199e-06 
 2.765819e-03  1.317926e-02  8.991366e-06 
 2.904110e-03  1.383868e-02  9.291427e-06 
 3.049316e-03  1.453109e-02  9.599502e-06 
 3.201781e-03  1.525813e-02  9.913624e-06 
 3.361870e-03  1.602154e-02  1.023483e-05 
 3.529964e-03  1.682313e-02  1.056194e-05 
 3.706462e-03  1.766483e-02  1.089428e-05 
 3.891785e-03  1.854862e-02  1.123169e-05 
 4.086375e-03  1.947662e-02  1.157219e-05 
 4.290693e-03  2.045104e-02  1.191483e-05 
 4.505228e-03  2.147420e-02  1.225974e-05 
 4.730489e-03  2.254853e-02  1.260529e-05 
 4.967014e-03  2.367659e-02  1.295098e-05 
 5.215365e-03  2.486108e-02  1.329397e-05 
 5.476133e-03  2.610481e-02  1.363486e-05 
 5.749939e-03  2.741074e-02  1.397194e-05 
 6.037436e-03  2.878198e-02  1.430429e-05 
 6.339308e-03  3.022180e-02  1.463098e-05 
 6.656274e-03  3.173363e-02  1.495132e-05 
 6.989087e-03  3.332107e-02  1.526500e-05 
 7.338542e-03  3.498789e-02  1.557194e-05 
 7.705469e-03  3.673807e-02  1.587277e-05 
 8.090742e-03  3.857578e-02  1.616853e-05 
 8.495279e-03  4.050538e-02  1.646122e-05 
 8.920043e-03  4.253148e-02  1.675390e-05 
 9.366045e-03  4.465890e-02  1.705080e-05 
 9.834348e-03  4.689271e-02  1.735775e-05 
 1.032607e-02  4.923822e-02  1.768256e-05 
 1.084237e-02  5.170102e-02  1.803525e-05 
 1.138449e-02  5.428698e-02  1.842871e-05 
 1.195371e-02  5.700226e-02  1.887910e-05 
 1.255140e-02  5.985333e-02  1.940657e-05 
 1.317897e-02  6.284699e-02  2.003598e-05 
 1.383791e-02  6.599036e-02  2.079800e-05 
 1.452981e-02  6.929094e-02  2.172955e-05 
 1.525630e-02  7.275660e-02  2.287727e-05 
 1.601912e-02  7.639560e-02  2.429077e-05 
 1.682007e-02  8.021664e-02  2.603935e-05 
 1.766108e-02  8.422883e-02  2.819916e-05 
 1.854413e-02  8.844174e-02  3.085760e-05 
 1.947134e-02  9.286545e-02  3.413282e-05 
 2.044490e-02  9.751053e-02  3.815019e-05 
 2.146715e-02  1.023881e-01  4.306237e-05 
 2.254051e-02  1.075098e-01  4.904834e-05 
 2.366753e-02  1.128879e-01  5.631914e-05 
 2.485091e-02  1.185353e-01  6.512147e-05 
 2.609345e-02  1.244656e-01  7.574327e-05 
 2.739812e-02  1.306930e-01  8.852169e-05 
 2.876803e-02  1.372324e-01  1.038482e-04 
 3.020643e-02  1.440997e-01  1.221791e-04 
 3.171675e-02  1.513113e-01  1.440431e-04 
 3.330259e-02  1.588847e-01  1.700549e-04 
 3.496772e-02  1.668299e-01  1.993907e-04 
 3.671611e-02  1.751822e-01  2.356594e-04 
 3.855191e-02  1.839542e-01  2.784708e-04 
 4.047951e-02  1.931670e-01  3.289143e-04 
 4.250348e-02  2.028432e-01  3.882481e-04 
 4.462866e-02  2.130065e-01  4.579244e-04 
 4.686009e-02  2.236816e-01  5.390555e-04 
 4.920310e-02  2.348949e-01  6.308644e-04 
 5.166325e-02  2.466738e-01  7.407266e-04 
 5.424641e-02  2.590476e-01  8.700991e-04 
 5.695873e-02  2.720471e-01  1.019593e-03 
 5.980667e-02  2.857045e-01  1.194569e-03 
 6.279700e-02  3.000533e-01  1.373139e-03 
 6.593685e-02  3.151307e-01  1.607681e-03 
 6.923370e-02  3.309736e-01  1.851149e-03 
 7.269538e-02  3.476222e-01  2.156126e-03 
 7.633015e-02  3.651195e-01  2.513493e-03 
 8.014666e-02  3.835119e-01  2.932390e-03 
 8.415399e-02  4.028388e-01  3.222783e-03 
 8.836169e-02  4.231587e-01  3.761816e-03 
