74
7.80000e+00 1.01000e+08 1.000000000000000e+00 4.698795180722962e+24 
7.86000e+00 1.01000e+09 1.157946629165271e+08 4.734939759036205e+24 
7.90000e+00 1.01000e+10 1.269452049889618e+09 4.759036144578364e+24 
8.15000e+00 1.01000e+11 1.267708525005906e+10 4.909638554215314e+24 
1.16000e+01 1.21000e+12 1.211370595001572e+11 6.987951807098075e+24 
1.64000e+01 1.40000e+13 1.017364459510008e+12 9.879518070489597e+24 
4.51000e+01 1.70000e+14 6.076705858546288e+12 2.716867462904601e+25 
2.12000e+02 5.82000e+15 4.872391666226951e+13 1.277108403508764e+26 
1.15000e+03 1.90000e+17 3.206724388438869e+14 6.927709645088004e+26 
1.04400e+04 9.74400e+18 2.085685492452932e+15 6.289148562640985e+27 
2.62200e+04 4.96800e+19 4.300724422116239e+15 1.579513843816999e+28 
6.58700e+04 2.43100e+20 8.585327648535562e+15 3.968050678245718e+28 
1.65400e+05 1.15100e+21 1.661134940613051e+16 9.963748410271615e+28 
4.15600e+05 5.26600e+21 3.113184639693159e+16 2.503563031417219e+29 
1.04400e+06 2.31800e+22 5.637078789809278e+16 6.288917532113082e+29 
2.62200e+06 9.75500e+22 9.823793802270338e+16 1.579410809416864e+30 
6.58800e+06 3.91100e+23 1.651370193851723e+17 3.968207649843547e+30 
8.29300e+06 5.25900e+23 1.833070570850680e+17 4.995116726219748e+30 
1.65500e+07 1.43500e+24 2.575234489468155e+17 9.967984755458204e+30 
3.30200e+07 3.83300e+24 3.565410566998842e+17 1.988624478073943e+31 
6.58900e+07 1.00600e+25 4.855034973143417e+17 3.967807406359445e+31 
1.31500e+08 2.60400e+25 6.514242926503173e+17 7.917691186982454e+31 
2.62400e+08 6.67600e+25 8.653913867049317e+17 1.579648605894070e+32 
3.30400e+08 8.73800e+25 9.351655321505750e+17 1.988876577393412e+32 
5.23700e+08 1.62900e+26 1.113042991360343e+18 3.152005155076383e+32 
8.30100e+08 3.02900e+26 1.322173059425538e+18 4.995278531652059e+32 
1.04500e+09 4.12900e+26 1.440858462676229e+18 6.287859551784351e+32 
1.31600e+09 5.03600e+26 1.518045189928308e+18 7.917701445937254e+32 
1.65700e+09 6.86000e+26 1.639959584391740e+18 9.968319738044037e+32 
2.62600e+09 1.27200e+27 1.916631713149609e+18 1.579408507997411e+33 
4.16400e+09 2.35600e+27 2.239467717942759e+18 2.503766293549853e+33 
6.60100e+09 4.36200e+27 2.618527558269816e+18 3.967852390467774e+33 
8.31200e+09 5.66200e+27 2.793223911233669e+18 4.995474308724729e+33 
1.04600e+10 7.70200e+27 3.010604603009214e+18 6.285277578607203e+33 
1.31800e+10 1.04800e+28 3.246131568141480e+18 7.918132634568090e+33 
1.65900e+10 1.42500e+28 3.499915730795551e+18 9.964646988214994e+33 
2.09000e+10 1.93800e+28 3.774741006863548e+18 1.255052800774333e+34 
2.63100e+10 2.50300e+28 4.014780206768708e+18 1.579545673652799e+34 
3.31300e+10 3.40400e+28 4.317831726448437e+18 1.988488463504033e+34 
4.17200e+10 4.62800e+28 4.646291608758637e+18 2.503379640977065e+34 
5.25400e+10 5.94900e+28 4.927359777046151e+18 3.151720931652274e+34 
6.61700e+10 8.08900e+28 5.287586080904091e+18 3.968151735612910e+34 
8.33200e+10 1.10000e+29 5.677647984386810e+18 4.994995251352083e+34 
1.00000e+11 1.40200e+29 6.007356633978404e+18 5.993299174014896e+34 
2.00000e+11 3.13400e+29 7.206489006907349e+18 1.197281032014887e+35 
4.00000e+11 7.15700e+29 8.672720920156845e+18 2.391248847376186e+35 
8.00000e+11 1.03600e+30 9.228502681906242e+18 4.776917888094152e+35 
1.00000e+12 1.25700e+30 9.473901401216944e+18 5.969265140210954e+35 
2.00000e+12 2.12200e+30 1.008175138682550e+19 1.192786036339965e+36 
4.00000e+12 3.78000e+30 1.065412286010822e+19 2.383745936109885e+36 
8.00000e+12 8.52700e+30 1.145481617345254e+19 4.763886330347948e+36 
1.00000e+13 1.16200e+31 1.179848405023798e+19 5.953217185533751e+36 
2.00000e+13 3.26200e+31 1.321734278540367e+19 1.189384774424109e+37 
4.00000e+13 9.40700e+31 1.529633911184461e+19 2.375173071697946e+37 
8.00000e+13 2.74600e+32 1.834132290018559e+19 4.739957123069320e+37 
1.00000e+14 3.92900e+32 1.965184818406621e+19 5.919569033404400e+37 
1.18100e+14 4.77280e+32 2.042402831055078e+19 6.985876226778386e+37 
1.35060e+14 5.75850e+32 2.119205008133813e+19 7.984239442982402e+37 
1.69000e+14 8.05590e+32 2.270747839280974e+19 9.979370225527845e+37 
2.11530e+14 1.23570e+33 2.497401960427024e+19 1.247410886673196e+38 
2.54170e+14 1.84680e+33 2.757423095194375e+19 1.496885653850513e+38 
2.96940e+14 2.63410e+33 3.040378883890312e+19 1.746362162708899e+38 
3.39850e+14 3.56200e+33 3.328493506248097e+19 1.995861862229211e+38 
4.26080e+14 6.37060e+33 4.047440615710777e+19 2.494539413361686e+38 
5.13170e+14 1.15600e+34 5.123858630532888e+19 2.993261379316262e+38 
6.01510e+14 1.95480e+34 6.510223891428617e+19 3.492226460632897e+38 
6.91330e+14 3.12370e+34 8.239499702735266e+19 3.990844862341738e+38 
8.77280e+14 7.20740e+34 1.306930629791077e+20 4.987292738971137e+38 
1.07550e+15 1.39800e+35 1.924854285896710e+20 5.986239118946240e+38 
1.28870e+15 2.57760e+35 2.765543698883593e+20 6.977061004795921e+38 
1.52760e+15 4.35390e+35 3.758260256133026e+20 7.978490472913451e+38 
2.08950e+15 9.52230e+35 5.785322839589884e+20 9.965638475058235e+38 
3.00530e+15 2.01460e+36 8.361691033968263e+20 1.246621950043611e+39 
4.21010e+15 3.61050e+36 1.076700174015660e+21 1.495769727639669e+39 
