102
3.95008e+01 1.27820e+14 1.000000000000000e+00 2.379569102499467e+25 
5.01830e+01 2.19340e+14 2.035473705468990e+12 3.023074382200896e+25 
6.30713e+01 3.76390e+14 4.803682016693408e+12 3.799473177482547e+25 
7.95301e+01 6.45887e+14 8.578944088389356e+12 4.790972020216879e+25 
1.00626e+02 1.10835e+15 1.370747294183910e+13 6.061827457867434e+25 
1.27769e+02 1.90193e+15 2.065021214961729e+13 7.696925103592651e+25 
1.62827e+02 3.26373e+15 3.001519901491309e+13 9.808867340497333e+25 
2.08291e+02 5.60058e+15 4.260004499292890e+13 1.254764879280809e+26 
2.67201e+02 9.61063e+15 5.945734910831007e+13 1.609642813141815e+26 
3.44182e+02 1.64919e+16 8.196008208205216e+13 2.073386969843804e+26 
4.45336e+02 2.83002e+16 1.118686112542045e+14 2.682748883272196e+26 
5.78981e+02 4.85634e+16 1.514360785994257e+14 3.487839709539629e+26 
7.56564e+02 8.33351e+16 2.035241861430806e+14 4.557616189755471e+26 
9.93939e+02 1.43004e+17 2.717507727627799e+14 5.987585144698395e+26 
1.31937e+03 2.45395e+17 3.604074617239118e+14 7.948035023520766e+26 
1.77042e+03 4.21100e+17 4.743462364371989e+14 1.066519314772870e+27 
2.38699e+03 7.22610e+17 6.196513188424855e+14 1.437946536735435e+27 
3.23052e+03 1.24000e+18 8.042099539528850e+14 1.946096292092053e+27 
4.38454e+03 2.12786e+18 1.037855625067613e+15 2.641289427773898e+27 
5.96195e+03 3.65141e+18 1.332954875274025e+15 3.591536231667392e+27 
8.11425e+03 6.26585e+18 1.705145795911525e+15 4.888095182061591e+27 
1.10327e+04 1.07522e+19 2.174569899981056e+15 6.646184277601844e+27 
1.49471e+04 1.84509e+19 2.768194864321108e+15 9.004247637736632e+27 
2.02868e+04 3.16619e+19 3.519571193073951e+15 1.222095562949994e+28 
2.76016e+04 5.43321e+19 4.468416264845672e+15 1.662743680743489e+28 
3.76815e+04 9.32342e+19 5.663036367909241e+15 2.269959049130363e+28 
5.15710e+04 1.59991e+20 7.162624246700266e+15 3.106674065351338e+28 
7.07394e+04 2.74545e+20 9.040624833494322e+15 4.261384461572496e+28 
9.72228e+04 4.71121e+20 1.138766209586574e+16 5.856753034720306e+28 
1.33941e+05 8.08447e+20 1.431452882715277e+16 8.068676996359944e+28 
1.84993e+05 1.38730e+21 1.795545701681825e+16 1.114405313990154e+29 
2.56184e+05 2.38062e+21 2.247293386538843e+16 1.543256016609943e+29 
3.55772e+05 4.08515e+21 2.806262905500899e+16 2.143167335364457e+29 
4.95492e+05 7.01015e+21 3.495942199359728e+16 2.984824913992718e+29 
6.92232e+05 1.20295e+22 4.344366445639746e+16 4.169953328279480e+29 
9.70478e+05 2.06427e+22 5.384627717909887e+16 5.846042871503313e+29 
1.36573e+06 3.54229e+22 6.655455179038250e+16 8.226911345473877e+29 
1.92986e+06 6.07860e+22 8.201671810850974e+16 1.162499980571345e+30 
2.73228e+06 1.04309e+23 1.007651385679792e+17 1.645837070401981e+30 
3.83581e+06 1.78995e+23 1.236108635848674e+17 2.310529077103643e+30 
5.52380e+06 3.07157e+23 1.512309139319271e+17 3.327238074335616e+30 
8.30674e+06 5.27084e+23 1.833504182537635e+17 5.003391809260891e+30 
1.21679e+07 9.04479e+23 2.204016882999873e+17 7.328844212956147e+30 
1.74792e+07 1.55209e+24 2.643217916992004e+17 1.052757649418459e+31 
2.55231e+07 2.66340e+24 3.163976217943483e+17 1.537175309675132e+31 
3.74204e+07 4.57042e+24 3.774361180613766e+17 2.253603493419376e+31 
5.50722e+07 7.84286e+24 4.487348859946167e+17 3.316468827152469e+31 
8.13295e+07 1.34584e+25 5.317174984190190e+17 4.897368611017612e+31 
1.20462e+08 2.30947e+25 6.279345175186474e+17 7.253198717730978e+31 
1.76413e+08 3.96307e+25 7.401875583646487e+17 1.062119999903687e+32 
2.66603e+08 6.80066e+25 8.698025440541555e+17 1.604943335607209e+32 
4.12450e+08 1.16700e+26 1.014768960871448e+18 2.482615491293550e+32 
6.10391e+08 2.00258e+26 1.179063352336028e+18 3.673573299376222e+32 
9.00284e+08 3.43643e+26 1.371217301444890e+18 5.417428621252965e+32 
1.50017e+09 5.89694e+26 1.580308788735704e+18 9.025236288957515e+32 
2.21394e+09 1.01192e+27 1.808294153860874e+18 1.331697543267649e+33 
3.31399e+09 1.73646e+27 2.072695650952123e+18 1.992943906934911e+33 
4.92467e+09 2.97978e+27 2.377226914790288e+18 2.960822872402431e+33 
7.60854e+09 5.11332e+27 2.721772174353991e+18 4.573015499777882e+33 
1.15344e+10 8.77449e+27 3.107309269595956e+18 6.930325234693572e+33 
1.72636e+10 1.50571e+28 3.547675375566026e+18 1.036884432987870e+34 
2.69854e+10 2.58381e+28 4.040778589026164e+18 1.620059583173693e+34 
4.03071e+10 4.43383e+28 4.594902909785288e+18 2.418711304780872e+34 
6.33185e+10 7.60848e+28 5.215186231554151e+18 3.797366961745162e+34 
9.47511e+10 1.30562e+29 5.908742096209968e+18 5.679188972898784e+34 
1.44505e+11 2.24045e+29 6.700217913779323e+18 8.655359251074076e+34 
2.36944e+11 3.84464e+29 7.556493524404951e+18 1.417975570717026e+35 
3.73965e+11 6.59742e+29 8.489640160320482e+18 2.235999789107319e+35 
1.05588e+12 1.13212e+30 9.247859263116993e+18 6.303135354714982e+35 
2.19076e+12 1.94273e+30 9.763334355831046e+18 1.306764913099783e+36 
3.67173e+12 3.33374e+30 1.024154463256282e+19 2.189030579379413e+36 
5.68261e+12 5.72071e+30 1.075500754488027e+19 3.386326960830817e+36 
8.47919e+12 9.81678e+30 1.133640186068485e+19 5.050420982363356e+36 
1.24066e+13 1.68457e+31 1.201236944334139e+19 7.385748437280543e+36 
1.79601e+13 2.89073e+31 1.280972483012911e+19 1.068531524032537e+37 
2.58218e+13 4.96051e+31 1.375815825200294e+19 1.535176330276674e+37 
3.69265e+13 8.51227e+31 1.489296344858001e+19 2.193541377715877e+37 
5.25721e+13 1.46071e+32 1.625714236821026e+19 3.119837960741446e+37 
7.44161e+13 2.50659e+32 1.790507267736522e+19 4.410940096650314e+37 
1.04455e+14 4.30133e+32 1.990955401859723e+19 6.182833842138023e+37 
1.44928e+14 7.38111e+32 2.237209342256939e+19 8.564195173674119e+37 
1.98642e+14 1.26660e+33 2.543436117927358e+19 1.171502208598284e+38 
2.71457e+14 2.17350e+33 2.926598375627053e+19 1.596992110534536e+38 
3.61866e+14 3.72974e+33 3.412680902786520e+19 2.122762168450009e+38 
4.74728e+14 6.40026e+33 4.040524509317865e+19 2.775100318081358e+38 
5.79528e+14 1.09829e+34 4.886349179256325e+19 3.376109398314729e+38 
6.37054e+14 1.88467e+34 6.136460619278370e+19 3.702377751932631e+38 
7.00393e+14 3.23411e+34 8.076436833195880e+19 4.054763070712803e+38 
8.62966e+14 5.54975e+34 1.087405504434224e+20 4.935759727940403e+38 
1.06550e+15 9.52341e+34 1.466430991641042e+20 5.994570244702615e+38 
1.32562e+15 1.63422e+35 1.975869251370538e+20 7.288842429628465e+38 
1.66566e+15 2.80434e+35 2.648603085791825e+20 8.872856028831070e+38 
2.12049e+15 4.81227e+35 3.518236004967528e+20 1.081680968676951e+39 
2.75190e+15 8.25788e+35 4.613366034071804e+20 1.323471511902263e+39 
3.65876e+15 1.41706e+36 5.951202961105039e+20 1.626562792046627e+39 
4.98869e+15 2.43168e+36 7.536072496837235e+20 2.004016976487691e+39 
7.00294e+15 4.17278e+36 9.358982595966282e+20 2.476358543425464e+39 
1.02036e+16 7.16052e+36 1.139339624038697e+21 3.081123304088832e+39 
1.53598e+16 1.22875e+37 1.360276773903912e+21 3.849848210803373e+39 
2.36597e+16 2.10854e+37 1.595643121714872e+21 4.808930818745618e+39 
3.76110e+16 3.61828e+37 1.842192616885069e+21 6.040455254004412e+39 
6.11558e+16 6.20899e+37 2.096550609129587e+21 7.612604874394090e+39 
