102
3.78136e+01 1.16229e+14 1.000000000000000e+00 2.277928373326442e+25 
4.82196e+01 1.99449e+14 1.928642256584699e+12 2.904792969404549e+25 
6.05693e+01 3.42256e+14 4.548616128987575e+12 3.648751738124560e+25 
7.63304e+01 5.87313e+14 8.124407945742257e+12 4.598218830933524e+25 
9.65191e+01 1.00783e+15 1.298487277725907e+13 5.814402420373730e+25 
1.22477e+02 1.72945e+15 1.956880318028425e+13 7.378104864886816e+25 
1.55981e+02 2.96775e+15 2.845550194668106e+13 9.396429792578886e+25 
1.99398e+02 5.09267e+15 4.040564945975808e+13 1.201194536546571e+26 
2.55666e+02 8.73906e+15 5.642192340297061e+13 1.540155985499239e+26 
3.29074e+02 1.49963e+16 7.781533641646392e+13 1.982374541305774e+26 
4.25443e+02 2.57337e+16 1.062720758000387e+14 2.562908059154949e+26 
5.52641e+02 4.41593e+16 1.439504670471227e+14 3.329159447852302e+26 
7.21484e+02 7.57776e+16 1.935958894498172e+14 4.346287040827237e+26 
9.46936e+02 1.30035e+17 2.586794806881869e+14 5.704432420570870e+26 
1.25352e+03 2.23141e+17 3.434197608350231e+14 7.551299300856942e+26 
1.68048e+03 3.82911e+17 4.525311253034488e+14 1.012334127966887e+27 
2.26398e+03 6.57078e+17 5.917884221471701e+14 1.363843745535533e+27 
3.06221e+03 1.12755e+18 7.687856660638266e+14 1.844702811298186e+27 
4.15432e+03 1.93488e+18 9.929731727794609e+14 2.502602137877840e+27 
5.64744e+03 3.32027e+18 1.276223127764603e+15 3.402070328614876e+27 
7.68550e+03 5.69761e+18 1.633544092782568e+15 4.629812819896721e+27 
1.04599e+04 9.77715e+18 2.083977287527765e+15 6.301165735071256e+27 
1.41674e+04 1.67776e+19 2.653371236603599e+15 8.534539476097143e+27 
1.92218e+04 2.87906e+19 3.374331489990289e+15 1.157936511194195e+28 
2.61370e+04 4.94048e+19 4.285210899134884e+15 1.574513561153205e+28 
3.56653e+04 8.47790e+19 5.432650197795093e+15 2.148506693136052e+28 
4.87908e+04 1.45481e+20 6.873654463977499e+15 2.939193749619306e+28 
6.69038e+04 2.49647e+20 8.678960310239791e+15 4.030325469553578e+28 
9.19137e+04 4.28396e+20 1.093597059674263e+16 5.536934217245477e+28 
1.26573e+05 7.35130e+20 1.375175773565111e+16 7.624784048036525e+28 
1.74737e+05 1.26149e+21 1.725605412752732e+16 1.052621246792211e+29 
2.41865e+05 2.16472e+21 2.160603381033997e+16 1.456995974705151e+29 
3.35716e+05 3.71468e+21 2.699114362979121e+16 2.022350655491190e+29 
4.67325e+05 6.37441e+21 3.363884392400393e+16 2.815150135808012e+29 
6.52500e+05 1.09385e+22 4.182109417166246e+16 3.930610534085260e+29 
9.14192e+05 1.87706e+22 5.185958703327811e+16 5.506986668166853e+29 
1.28563e+06 3.22105e+22 6.413117742230719e+16 7.744440772022660e+29 
1.81532e+06 5.52734e+22 7.907430608730907e+16 1.093509499236375e+30 
2.57446e+06 9.48496e+22 9.718170829582702e+16 1.550775789374400e+30 
3.60861e+06 1.62763e+23 1.192400329127777e+17 2.173681911673197e+30 
5.16665e+06 2.79302e+23 1.460104396162936e+17 3.112122407494470e+30 
7.71749e+06 4.79283e+23 1.773630176100288e+17 4.648493578089170e+30 
1.14054e+07 8.22454e+23 2.134706547095032e+17 6.869635607465365e+30 
1.63684e+07 1.41134e+24 2.560805603661725e+17 9.858612650889897e+30 
2.38704e+07 2.42186e+24 3.066813862663568e+17 1.437644786364932e+31 
3.49726e+07 4.15593e+24 3.660507092634291e+17 2.106203170804860e+31 
5.14370e+07 7.13161e+24 4.354445925280374e+17 3.097589448654969e+31 
7.59167e+07 1.22379e+25 5.162595085694141e+17 4.571490417557636e+31 
1.12391e+08 2.10003e+25 6.100207262677421e+17 6.767376476590419e+31 
1.64868e+08 3.60367e+25 7.192862870474355e+17 9.926299092885176e+31 
2.46655e+08 6.18392e+25 8.460816352071027e+17 1.484889529574145e+32 
3.84302e+08 1.06116e+26 9.881109101437637e+17 2.313236021758342e+32 
5.68803e+08 1.82097e+26 1.148448906240291e+18 3.423369057078822e+32 
8.46034e+08 3.12479e+26 1.335048966895890e+18 5.091117096477751e+32 
1.39243e+09 5.36216e+26 1.538594351007795e+18 8.377397544066902e+32 
2.06243e+09 9.20150e+26 1.761642601899502e+18 1.240610928398547e+33 
3.08653e+09 1.57898e+27 2.019750098252682e+18 1.856239209738149e+33 
4.59894e+09 2.70955e+27 2.316468329261548e+18 2.765124738534434e+33 
6.99010e+09 4.64960e+27 2.654920879117347e+18 4.201592277414908e+33 
1.07403e+10 7.97875e+27 3.034189927404315e+18 6.453580963662020e+33 
1.61001e+10 1.36916e+28 3.463437456462949e+18 9.670715372644225e+33 
2.48646e+10 2.34949e+28 3.947344029349786e+18 1.492868623793848e+34 
3.74707e+10 4.03173e+28 4.492076614806358e+18 2.248704723863303e+34 
5.90679e+10 6.91848e+28 5.097481203432363e+18 3.542790771916751e+34 
8.82262e+10 1.18722e+29 5.773645986177115e+18 5.288702132770116e+34 
1.32441e+11 2.03727e+29 6.553422868070064e+18 7.933975946334104e+34 
2.20507e+11 3.49597e+29 7.396460740902692e+18 1.319794806830925e+35 
3.42355e+11 5.99911e+29 8.311681963455654e+18 2.047377861605084e+35 
8.79316e+11 1.02945e+30 9.100595588716977e+18 5.250550576173050e+35 
1.92538e+12 1.76655e+30 9.652222144554082e+18 1.148649875323658e+36 
3.37968e+12 3.03141e+30 1.013478860014160e+19 2.015130884148141e+36 
5.27979e+12 5.20191e+30 1.063876835146417e+19 3.146612984644013e+36 
7.91622e+12 8.92652e+30 1.120622744311466e+19 4.715624072037294e+36 
1.16132e+13 1.53180e+31 1.186366236337772e+19 6.914277154067157e+36 
1.68401e+13 2.62857e+31 1.263754754001730e+19 1.002037333459981e+37 
2.42334e+13 4.51065e+31 1.355692257318138e+19 1.440966906436699e+37 
3.46844e+13 7.74031e+31 1.465604963309563e+19 2.060729357335342e+37 
4.94215e+13 1.32824e+32 1.597626329358388e+19 2.933491757857012e+37 
7.00334e+13 2.27927e+32 1.756961375285963e+19 4.152187664772549e+37 
9.84826e+13 3.91125e+32 1.950491615095800e+19 5.830973335826321e+37 
1.36928e+14 6.71173e+32 2.187778509737457e+19 8.094230776002936e+37 
1.87999e+14 1.15174e+33 2.482318985969530e+19 1.109182029422335e+38 
2.57597e+14 1.97639e+33 2.850091110206890e+19 1.516183112506069e+38 
3.44495e+14 3.39150e+33 3.315285203942455e+19 2.022024512512568e+38 
4.52837e+14 5.81983e+33 3.914753093784108e+19 2.649008040607799e+38 
5.55414e+14 9.98687e+33 4.719260089469510e+19 3.238225905868707e+38 
6.02882e+14 1.71375e+34 5.919851716236288e+19 3.507855633799568e+38 
7.37430e+14 2.94081e+34 7.697423700232254e+19 4.258652848423981e+38 
1.02577e+15 5.04646e+34 9.984321072494687e+19 5.832309068506596e+38 
1.30968e+15 8.65975e+34 1.287565422726871e+20 7.339573964286220e+38 
1.61675e+15 1.48602e+35 1.675672189372898e+20 8.909453362674353e+38 
1.97964e+15 2.55002e+35 2.201697574909482e+20 1.067224400449118e+39 
2.46421e+15 4.37585e+35 2.903447655373775e+20 1.286984756597291e+39 
3.12265e+15 7.50899e+35 3.813245352189109e+20 1.559977531863277e+39 
3.98460e+15 1.28855e+36 4.965072651395352e+20 1.878588694171838e+39 
5.17264e+15 2.21116e+36 6.388553845746564e+20 2.258768082599470e+39 
6.91126e+15 3.79436e+36 8.092019635992072e+20 2.725723714240015e+39 
9.54030e+15 6.51115e+36 1.006236931638046e+21 3.300464452960294e+39 
1.37385e+16 1.11732e+37 1.226634947341280e+21 4.026827983576249e+39 
2.06111e+16 1.91732e+37 1.465696940944395e+21 4.946577027451499e+39 
3.19508e+16 3.29014e+37 1.719018724434204e+21 6.099344716888662e+39 
5.11249e+16 5.64591e+37 1.982691769994376e+21 7.559618858697280e+39 
