134
7.87051e+00 1.01091e+09 1.000000000000000e+00 4.741271084338030e+24
7.90684e+00 1.01091e+10 1.144642421829126e+09 4.763156024097096e+24
8.16588e+00 1.01091e+11 1.254431944871204e+10 4.919203614456936e+24
1.16146e+01 1.20979e+12 1.208076333524535e+11 6.996722891436683e+24
1.64060e+01 1.39865e+13 1.015553573625880e+12 9.883138552424089e+24
4.51859e+01 1.70103e+14 6.071856997681791e+12 2.722041559276711e+25
2.12326e+02 5.81715e+15 4.862576571912734e+13 1.279071656534989e+26
1.15081e+03 1.89981e+17 3.202669289556112e+14 6.932577116232745e+26
1.04473e+04 9.74340e+18 2.083824168115291e+15 6.293528083182475e+27
2.62424e+04 4.97406e+19 4.300458416604528e+15 1.580860829849544e+28
6.59178e+04 2.43058e+20 8.580089670626841e+15 3.970931996377612e+28
1.65578e+05 1.15003e+21 1.659055151132308e+16 9.974477293707291e+28
4.16201e+05 5.26879e+21 3.110448110943291e+16 2.507182278171485e+29
1.04545e+06 2.31585e+22 5.627523525266133e+16 6.297646425819028e+29
2.62605e+06 9.76586e+22 9.814809808277085e+16 1.581849930365943e+30
6.59786e+06 3.91121e+23 1.649327330625190e+17 3.974145427768541e+30
8.30621e+06 5.25909e+23 1.830731334309391e+17 5.003074242860132e+30
1.65731e+07 1.43519e+24 2.571901469642675e+17 9.981882196023124e+30
3.30676e+07 3.83363e+24 3.560874559935082e+17 1.991493062493483e+31
6.59938e+07 1.00603e+25 4.848483441984513e+17 3.974057549466147e+31
1.31705e+08 2.60442e+25 6.505461546236511e+17 7.930051703766438e+31
2.62786e+08 6.67745e+25 8.642619229866385e+17 1.581976161606217e+32
3.30905e+08 8.73797e+25 9.338815783503635e+17 1.991916620637661e+32
5.24448e+08 1.62934e+26 1.111566972026268e+18 3.156514019409827e+32
8.31386e+08 3.02908e+26 1.320347095726916e+18 5.003026153122872e+32
1.04665e+09 4.12963e+26 1.438906712176441e+18 6.297815526426390e+32
1.31796e+09 5.03629e+26 1.515954267885941e+18 7.929519416924917e+32
1.66117e+09 7.54641e+26 1.682542497922761e+18 9.993350106930060e+32
2.15980e+09 1.06223e+27 1.844464202103912e+18 1.299125624064777e+33
2.65854e+09 1.39175e+27 1.981508040434159e+18 1.598932625814777e+33
3.32363e+09 1.85995e+27 2.138404414112216e+18 1.998673465691180e+33
4.15511e+09 2.48445e+27 2.305796736318808e+18 2.498327498484256e+33
4.98670e+09 3.14630e+27 2.450780597327237e+18 2.997956344190506e+33
6.65017e+09 4.56353e+27 2.695379323659955e+18 3.997180769795600e+33
8.31425e+09 6.08514e+27 2.899191379942329e+18 4.996516708044375e+33
9.97844e+09 7.69415e+27 3.075316097706315e+18 5.995717368823489e+33
1.16432e+10 9.37865e+27 3.231221014186884e+18 6.995073779656968e+33
1.33080e+10 1.11299e+28 3.371617235624887e+18 7.994280826844488e+33
1.39741e+10 1.18476e+28 3.424191071942776e+18 8.394013599253468e+33
1.66384e+10 1.48068e+28 3.617695769106966e+18 9.992782403945023e+33
1.99698e+10 1.86836e+28 3.829715591380152e+18 1.199129282888628e+34
2.49680e+10 2.48154e+28 4.103165609849123e+18 1.498897895929677e+34
3.33007e+10 3.57249e+28 4.479129329180057e+18 1.998473605209868e+34
4.16373e+10 4.73326e+28 4.789520848327889e+18 2.498097246538347e+34
4.99762e+10 5.95142e+28 5.055675010510532e+18 2.997690782237611e+34
6.66596e+10 8.52669e+28 5.499013927537198e+18 3.996825790837002e+34
8.33514e+10 1.12515e+29 5.862944072336614e+18 4.996012270527742e+34
1.00049e+11 1.40971e+29 6.173467194605005e+18 5.995174504767231e+34
1.33458e+11 2.00752e+29 6.687492865127622e+18 7.993364348441706e+34
1.66883e+11 2.63555e+29 7.106394051311816e+18 9.991559413966649e+34
2.50503e+11 4.30042e+29 7.911721853504689e+18 1.498685358166805e+35
3.34190e+11 6.06067e+29 8.516171981328746e+18 1.998228166648054e+35
3.74372e+11 6.93044e+29 8.761401132695164e+18 2.237972313981707e+35
4.17920e+11 7.88734e+29 9.002664310178194e+18 2.497729858640023e+35
4.68180e+11 9.00784e+29 9.255271400803729e+18 2.797442202298219e+35
5.01687e+11 9.76339e+29 9.410796804904677e+18 2.997206149524433e+35
5.85495e+11 1.16732e+30 9.762075994008574e+18 3.496712109795124e+35
6.69334e+11 1.35332e+30 1.005890666628404e+19 3.996225696556778e+35
7.53205e+11 1.50107e+30 1.026707707742521e+19 4.495784252534167e+35
8.37072e+11 1.60909e+30 1.040300916966891e+19 4.995232223147602e+35
9.20964e+11 1.70048e+30 1.050692311701599e+19 5.494762213712417e+35
1.00488e+12 1.78534e+30 1.059496636666418e+19 5.994358943970006e+35
1.17269e+12 1.94850e+30 1.074489971197213e+19 6.993341271608942e+35
1.34055e+12 2.11053e+30 1.087379124040483e+19 7.992461357589697e+35
1.50839e+12 2.27489e+30 1.098909367702595e+19 8.991303382365938e+35
1.67630e+12 2.44298e+30 1.109455951605606e+19 9.990499031093275e+35
2.51596e+12 3.34989e+30 1.153056720898216e+19 1.498531351776169e+36
3.35601e+12 4.36587e+30 1.187757137523789e+19 1.998036425906637e+36
5.03690e+12 6.67576e+30 1.243178928620239e+19 2.997004750217683e+36
8.40142e+12 1.21275e+31 1.325304833913376e+19 4.995024003558198e+36
1.34528e+13 2.16816e+31 1.413706933254235e+19 7.991929250640696e+36
1.68230e+13 2.86603e+31 1.459865677317791e+19 9.989939483984106e+36
2.52547e+13 4.74570e+31 1.549991549120858e+19 1.498483460659801e+37
3.36932e+13 6.75290e+31 1.618328218036362e+19 1.997938224368090e+37
5.05886e+13 1.10339e+32 1.720779885044394e+19 2.996969143370860e+37
6.74999e+13 1.57008e+32 1.799973557165270e+19 3.995944071341679e+37
8.44254e+13 2.09500e+32 1.869006677309876e+19 4.994945182083906e+37
1.01361e+14 2.70851e+32 1.934877992167397e+19 5.993830248634572e+37
1.26792e+14 3.87725e+32 2.036864328463455e+19 7.492337163459350e+37
1.35277e+14 4.35518e+32 2.073203272641672e+19 7.991892053857354e+37
1.43765e+14 4.88824e+32 2.111259837291869e+19 8.491464031068294e+37
1.48858e+14 5.23759e+32 2.135043282062714e+19 8.791126154354244e+37
1.52255e+14 5.48371e+32 2.151325450302611e+19 8.990960223647688e+37
1.55651e+14 5.74064e+32 2.167946456655249e+19 9.190669496638874e+37
1.59050e+14 6.00809e+32 2.184872691065001e+19 9.390494362992941e+37
1.60751e+14 6.14529e+32 2.193416952216769e+19 9.490498444772026e+37
1.62447e+14 6.28408e+32 2.201968644030453e+19 9.590240228611163e+37
1.63299e+14 6.35370e+32 2.206229163903136e+19 9.640286381853094e+37
1.65853e+14 6.40452e+32 2.209305449831336e+19 9.790408208771226e+37
1.67554e+14 6.59196e+32 2.220457016895636e+19 9.890400205272005e+37
1.69254e+14 6.78432e+32 2.231829094356941e+19 9.990304405833515e+37
1.90013e+14 9.55082e+32 2.384813638526326e+19 1.120917808117156e+38
2.03305e+14 1.17556e+33 2.496197947496728e+19 1.198844002688147e+38
2.13353e+14 1.36618e+33 2.587055774299267e+19 1.257687795500268e+38
2.39608e+14 1.96613e+33 2.849482471040553e+19 1.411144571704600e+38
2.54600e+14 2.37687e+33 3.014045102337733e+19 1.498560086806490e+38
2.69174e+14 2.82452e+33 3.183071355863524e+19 1.583381811639556e+38
3.02480e+14 4.02832e+33 3.598346025694548e+19 1.776597030391879e+38
3.40043e+14 5.69121e+33 4.107042417377963e+19 1.993391967820753e+38
3.82440e+14 7.97021e+33 4.724537843954725e+19 2.236563488088220e+38
4.30391e+14 1.11024e+34 5.475151951644714e+19 2.509500504095676e+38
4.84688e+14 1.54484e+34 6.394671284215016e+19 2.815711063942531e+38
5.17130e+14 1.84961e+34 6.980888063983592e+19 2.997138267734847e+38
5.46308e+14 2.15487e+34 7.531815233166903e+19 3.159280177461627e+38
6.96501e+14 4.22591e+34 1.067814774288579e+20 3.977277962333745e+38
7.88266e+14 5.90800e+34 1.278365283634651e+20 4.462489796989948e+38
8.93935e+14 8.21676e+34 1.529429404673309e+20 5.007038853439032e+38
1.01613e+15 1.13449e+35 1.823576942466623e+20 5.617903237245768e+38
1.09342e+15 1.35569e+35 2.008979052880002e+20 5.994102619251025e+38
1.15817e+15 1.55396e+35 2.162977585360862e+20 6.303377611070921e+38
1.32411e+15 2.11223e+35 2.549628226089555e+20 7.072445277351415e+38
1.51903e+15 2.85431e+35 2.987147360323369e+20 7.935333671680615e+38
1.74940e+15 3.84849e+35 3.483068937222261e+20 8.903510419463899e+38
2.02362e+15 5.19662e+35 4.048030467010707e+20 9.989852383181389e+38
2.35251e+15 7.00665e+35 4.680556657915348e+20 1.120864443642827e+39
2.75018e+15 9.40699e+35 5.374957309714922e+20 1.257725803824016e+39
3.23314e+15 1.25652e+36 6.126339304894149e+20 1.411069457340567e+39
3.82509e+15 1.67109e+36 6.932426395199899e+20 1.583393239079522e+39
4.55266e+15 2.21076e+36 7.785183591520369e+20 1.776496407142107e+39
5.45165e+15 2.90978e+36 8.678607575957163e+20 1.992978870514940e+39
6.57075e+15 3.81374e+36 9.608965244759249e+20 2.236429910583242e+39
7.96496e+15 4.97394e+36 1.056700260785507e+21 2.509451275242525e+39
9.70610e+15 6.45625e+36 1.154645071606971e+21 2.815538862763846e+39
1.18856e+16 8.34354e+36 1.254229453246420e+21 3.158790297551177e+39
1.46240e+16 1.07436e+37 1.355185473890185e+21 3.544496053499227e+39
1.80606e+16 1.37807e+37 1.456901147492974e+21 3.976927722469665e+39
2.23812e+16 1.76178e+37 1.559151164711415e+21 4.462238761576984e+39
2.78152e+16 2.24533e+37 1.661632081501434e+21 5.006898962310362e+39
3.46444e+16 2.85247e+37 1.763963712634591e+21 5.617659812152037e+39
4.32377e+16 3.61310e+37 1.865950249142319e+21 6.303605481654468e+39
5.40198e+16 4.56027e+37 1.967048440104975e+21 7.072304948431232e+39
6.75512e+16 5.73562e+37 2.067036832244734e+21 7.934901827541064e+39
8.45090e+16 7.18705e+37 2.165584643688193e+21 8.902888094002340e+39
1.05738e+17 8.97368e+37 2.262559655863731e+21 9.989823572041969e+39
