97
3.95008e+01 1.27820e+14 1.000000000000000e+00 2.379569102499467e+25 
5.01830e+01 2.19340e+14 2.035473705468990e+12 3.023074382200896e+25 
6.30713e+01 3.76390e+14 4.803682016693408e+12 3.799473177482547e+25 
7.95301e+01 6.45887e+14 8.578944088389356e+12 4.790972020216879e+25 
1.00626e+02 1.10835e+15 1.370747294183910e+13 6.061827457867434e+25 
1.27769e+02 1.90193e+15 2.065021214961729e+13 7.696925103592651e+25 
1.62827e+02 3.26373e+15 3.001519901491309e+13 9.808867340497333e+25 
2.08291e+02 5.60058e+15 4.260004499292890e+13 1.254764879280809e+26 
2.67201e+02 9.61063e+15 5.945734910831007e+13 1.609642813141815e+26 
3.44182e+02 1.64919e+16 8.196008208205216e+13 2.073386969843804e+26 
4.45336e+02 2.83002e+16 1.118686112542045e+14 2.682748883272196e+26 
5.78981e+02 4.85634e+16 1.514360785994257e+14 3.487839709539629e+26 
7.56564e+02 8.33351e+16 2.035241861430806e+14 4.557616189755471e+26 
9.93939e+02 1.43004e+17 2.717507727627799e+14 5.987585144698395e+26 
1.31937e+03 2.45395e+17 3.604074617239118e+14 7.948035023520766e+26 
1.77042e+03 4.21100e+17 4.743462364371989e+14 1.066519314772870e+27 
2.38699e+03 7.22610e+17 6.196513188424855e+14 1.437946536735435e+27 
3.23052e+03 1.24000e+18 8.042099539528850e+14 1.946096292092053e+27 
4.38454e+03 2.12786e+18 1.037855625067613e+15 2.641289427773898e+27 
5.96195e+03 3.65141e+18 1.332954876396726e+15 3.591536231667387e+27 
7.68550e+03 5.69761e+18 1.633225559951318e+15 4.629812821537625e+27 
1.04599e+04 9.77715e+18 2.083663282564483e+15 6.301165737272778e+27 
1.41674e+04 1.67776e+19 2.653057231507374e+15 8.534539479078971e+27 
1.92218e+04 2.87906e+19 3.374017485270649e+15 1.157936511598758e+28 
2.61370e+04 4.94048e+19 4.284896893760847e+15 1.574513561703314e+28 
3.56653e+04 8.47790e+19 5.432336192931680e+15 2.148506693886704e+28 
4.87908e+04 1.45481e+20 6.873340459054178e+15 2.939193750646211e+28 
6.69038e+04 2.49647e+20 8.678646305287393e+15 4.030325470961708e+28 
9.19137e+04 4.28396e+20 1.093565659118857e+16 5.536934219179994e+28 
1.26573e+05 7.35130e+20 1.375144373030110e+16 7.624784050700502e+28 
1.74737e+05 1.26149e+21 1.725574012217192e+16 1.052621247159979e+29 
2.41865e+05 2.16472e+21 2.160571980542393e+16 1.456995975214201e+29 
3.35716e+05 3.71468e+21 2.699082962452531e+16 2.022350656197767e+29 
4.67325e+05 6.37441e+21 3.363852991951950e+16 2.815150136791577e+29 
6.52500e+05 1.09385e+22 4.182078016704548e+16 3.930610535458549e+29 
9.14192e+05 1.87706e+22 5.185927302752400e+16 5.506986670090907e+29 
1.28563e+06 3.22105e+22 6.413086341627387e+16 7.744440774728448e+29 
1.81532e+06 5.52734e+22 7.907399208205490e+16 1.093509499618429e+30 
2.57446e+06 9.48496e+22 9.718139429796363e+16 1.550775789916203e+30 
3.60861e+06 1.62763e+23 1.192397188830215e+17 2.173681912432705e+30 
5.16665e+06 2.79302e+23 1.460101256316805e+17 3.112122408581723e+30 
7.71749e+06 4.79283e+23 1.773627038126602e+17 4.648493579712203e+30 
1.14054e+07 8.22454e+23 2.134703410593017e+17 6.869635609862789e+30 
1.63684e+07 1.41134e+24 2.560802469600457e+17 9.858612654327764e+30 
2.38704e+07 2.42186e+24 3.066810728450723e+17 1.437644786866288e+31 
3.49726e+07 4.15593e+24 3.660503947925761e+17 2.106203171541824e+31 
5.14370e+07 7.13161e+24 4.354442783516636e+17 3.097589449737806e+31 
7.59167e+07 1.22379e+25 5.162591949232425e+17 4.571490419153014e+31 
1.12391e+08 2.10003e+25 6.100204120864045e+17 6.767376478956156e+31 
1.64868e+08 3.60367e+25 7.192859725828652e+17 9.926299096358338e+31 
2.46655e+08 6.18392e+25 8.460813211970300e+17 1.484889530092950e+32 
3.84302e+08 1.06116e+26 9.881105999203466e+17 2.313236022556815e+32 
5.68803e+08 1.82097e+26 1.148448589242409e+18 3.423369058286291e+32 
8.46034e+08 3.12479e+26 1.335048653404123e+18 5.091117098253596e+32 
1.39243e+09 5.36216e+26 1.538594054253931e+18 8.377397546833023e+32 
2.06243e+09 9.20150e+26 1.761642307004416e+18 1.240610928805617e+33 
3.08653e+09 1.57898e+27 2.019749776319560e+18 1.856239210403063e+33 
4.59894e+09 2.70955e+27 2.316467983239761e+18 2.765124739599028e+33 
6.99010e+09 4.64960e+27 2.654920534383856e+18 4.201592279026530e+33 
1.07403e+10 7.97875e+27 3.034189591256160e+18 6.453580966075797e+33 
1.61001e+10 1.36916e+28 3.463437099879943e+18 9.670715376481165e+33 
2.48646e+10 2.34949e+28 3.947343735144422e+18 1.492868624282542e+34 
3.74707e+10 4.03173e+28 4.492076267858065e+18 2.248704724731389e+34 
5.90679e+10 6.91848e+28 5.097480901070874e+18 3.542790773108645e+34 
8.82262e+10 1.18722e+29 5.773645673942437e+18 5.288702134607483e+34 
1.32441e+11 2.03727e+29 6.553422532124583e+18 7.933975949299790e+34 
2.20507e+11 3.49597e+29 7.396460499541724e+18 1.319794807185362e+35 
3.42355e+11 5.99911e+29 8.311682016004376e+18 2.047377861485376e+35 
8.79316e+11 1.02945e+30 9.092874441986245e+18 5.250595684241753e+35 
1.47300e+12 1.60331e+30 9.583223046236862e+18 8.789987668198530e+35 
3.29798e+09 1.21105e+39 1.613273731547181e+22 1.299166237879754e+34
1.34825e+18 3.09647e+39 1.697633971199222e+22 1.807799480884633e+34
3.29010e+18 5.61702e+33 5.095131605055036e+21 6.839160477942810e+39
9.66741e+12 8.70956e+33 5.489338035197797e+21 2.595189504540956e+34
1.49733e+13 2.30732e+31 2.292167982636848e+20 7.001494562464802e+36
8.64449e+10 1.21447e+39 1.613527805507773e+22 1.299166317261250e+34
1.35335e+18 2.36567e+39 1.673442394862962e+22 1.967330698966269e+34
2.62105e+18 7.15304e+34 7.381816681687807e+21 4.278555895511490e+38
1.32194e+14 1.19933e+35 7.846293829493886e+21 2.586147732214629e+34
1.56882e+14 8.61475e+32 3.410074164972447e+21 2.139319274936249e+36
1.60078e+12 1.22344e+39 1.614188828396916e+22 1.299167772082345e+34
1.36320e+18 1.82613e+39 1.650180500760398e+22 2.170926440716567e+34
1.98418e+18 2.08266e+35 8.342296096144256e+21 1.112531404903593e+38
2.77959e+14 2.53877e+35 8.520276362156217e+21 2.577534602721227e+34
3.27903e+14 5.72179e+33 5.111742125250575e+21 6.821245294993941e+35
9.32618e+12 1.23358e+39 1.614930465026589e+22 1.299175129387229e+34
1.37683e+18 1.78366e+39 1.648065692725316e+22 2.200601592454721e+34
1.98483e+18 3.87619e+35 8.900599050440857e+21 5.980137403457943e+37
4.98952e+14 4.62564e+35 9.059461309747708e+21 2.558631895915564e+34
6.00357e+14 2.72467e+34 6.514360496277401e+21 2.702651428002373e+35
4.52935e+13 1.25722e+39 1.616636833297822e+22 1.299210681114637e+34
1.41042e+18 1.76113e+39 1.646923419424890e+22 2.234401945691445e+34
1.99040e+18 6.96028e+35 9.426692046902340e+21 3.340275501482104e+37
8.96874e+14 8.65405e+35 9.622444006036220e+21 2.509237859160649e+34
1.13471e+15 1.30175e+35 7.919946508192368e+21 1.147701380552192e+35
2.86721e+14 1.32414e+39 1.621296259882971e+22 1.299434487872118e+34
2.99319e+14 1.75383e+39 1.646550427335778e+22 1.299444450443721e+34 
