100
6.05693e+01 3.42256e+14 1.000000000000000e+00 3.648751683616229e+25 
7.63304e+01 5.87313e+14 3.575792057905414e+12 4.598218348401521e+25 
9.65191e+01 1.00783e+15 8.436257290565377e+12 5.814402159080867e+25 
1.22477e+02 1.72945e+15 1.502018798577103e+13 7.378104607103936e+25 
1.55981e+02 2.96775e+15 2.390688686673062e+13 9.396429934099471e+25 
1.99398e+02 5.09267e+15 3.585703427335051e+13 1.201194542625936e+26 
2.55666e+02 8.73906e+15 5.187330866380877e+13 1.540155916286320e+26 
3.29074e+02 1.49963e+16 7.326672244532158e+13 1.982374511691288e+26 
4.25443e+02 2.57337e+16 1.017234625480941e+14 2.562907995238839e+26 
5.52641e+02 4.41593e+16 1.394018544123629e+14 3.329159464701501e+26 
7.21484e+02 7.57776e+16 1.890472757540583e+14 4.346287236675701e+26 
9.46936e+02 1.30035e+17 2.541308634677919e+14 5.704432791707503e+26 
1.25352e+03 2.23141e+17 3.388711407772148e+14 7.551299414587854e+26 
1.68048e+03 3.82911e+17 4.479825025863682e+14 1.012334173583770e+27 
2.26398e+03 6.57078e+17 5.872397950017725e+14 1.363843779714972e+27 
3.06221e+03 1.12755e+18 7.642370368634380e+14 1.844702820634440e+27 
4.15432e+03 1.93488e+18 9.884245521464605e+14 2.502601975361732e+27 
5.64744e+03 3.32027e+18 1.271674524043443e+15 3.402070175729663e+27 
7.68550e+03 5.69761e+18 1.628995518391993e+15 4.629812334049479e+27 
1.04599e+04 9.77715e+18 2.079428754622579e+15 6.301165325880381e+27 
1.41674e+04 1.67776e+19 2.648822739387671e+15 8.534539007218446e+27 
1.92218e+04 2.87906e+19 3.369783042254332e+15 1.157936435998998e+28 
2.61370e+04 4.94048e+19 4.280662473246906e+15 1.574513600611855e+28 
3.56653e+04 8.47790e+19 5.428101737114255e+15 2.148506768464524e+28 
4.87908e+04 1.45481e+20 6.869105978228344e+15 2.939193764494436e+28 
6.69038e+04 2.49647e+20 8.674411893550152e+15 4.030325207828966e+28 
9.19137e+04 4.28396e+20 1.093142232056441e+16 5.536933968421094e+28 
1.26573e+05 7.35130e+20 1.374720959707398e+16 7.624783705385575e+28 
1.74737e+05 1.26149e+21 1.725150619058163e+16 1.052621188962074e+29 
2.41865e+05 2.16472e+21 2.160148604104869e+16 1.456995967507970e+29 
3.35716e+05 3.71468e+21 2.698659561742029e+16 2.022350847734486e+29 
4.67325e+05 6.37441e+21 3.363429537303026e+16 2.815150318962024e+29 
6.52500e+05 1.09385e+22 4.181654535875478e+16 3.930610553979338e+29 
9.14192e+05 1.87706e+22 5.185503876481494e+16 5.506986145350073e+29 
1.28563e+06 3.22105e+22 6.412663047749459e+16 7.744440036781198e+29 
1.81532e+06 5.52734e+22 7.906975998593651e+16 1.093509493832951e+30 
2.57446e+06 9.48496e+22 9.717716152908552e+16 1.550775890262581e+30 
3.60861e+06 1.62763e+23 1.192354861954309e+17 2.173681792255466e+30 
5.16665e+06 2.79302e+23 1.460058946247315e+17 3.112122267635925e+30 
7.71749e+06 4.79283e+23 1.773584728854001e+17 4.648493741040698e+30 
1.14054e+07 8.22454e+23 2.134661077780415e+17 6.869636191747213e+30 
1.63684e+07 1.41134e+24 2.560760128551919e+17 9.858612306466531e+30 
2.38704e+07 2.42186e+24 3.066768417115748e+17 1.437644721760377e+31 
3.49726e+07 4.15593e+24 3.660461651317936e+17 2.106203202513300e+31 
5.14370e+07 7.13161e+24 4.354400475465575e+17 3.097589557233016e+31 
7.59167e+07 1.22379e+25 5.162549580206067e+17 4.571490852064622e+31 
1.12391e+08 2.10003e+25 6.100161675277937e+17 6.767376849215529e+31 
1.64868e+08 3.60367e+25 7.192817273243688e+17 9.926299143245852e+31 
2.46655e+08 6.18392e+25 8.460770697354033e+17 1.484889641030456e+32 
3.84302e+08 1.06116e+26 9.881063416976749e+17 2.313236010391653e+32 
5.68803e+08 1.82097e+26 1.148444342348752e+18 3.423368937577029e+32 
8.46034e+08 3.12479e+26 1.335044402704607e+18 5.091117427674201e+32 
1.39243e+09 5.36216e+26 1.538589785673489e+18 8.377397754097760e+32 
2.06243e+09 9.20150e+26 1.761638047776526e+18 1.240610885085193e+33 
3.08653e+09 1.57898e+27 2.019745555505481e+18 1.856239107809655e+33 
4.59894e+09 2.70955e+27 2.316463742743847e+18 2.765124642113096e+33 
6.99010e+09 4.64960e+27 2.654916326133886e+18 4.201592340684866e+33 
1.07403e+10 7.97875e+27 3.034185371455983e+18 6.453581125341939e+33 
1.61001e+10 1.36916e+28 3.463432883114032e+18 9.670715421854824e+33 
2.48646e+10 2.34949e+28 3.947339468688501e+18 1.492868735760464e+34 
3.74707e+10 4.03173e+28 4.492072050844071e+18 2.248704600521673e+34 
5.90679e+10 6.91848e+28 5.097476618290241e+18 3.542791002281951e+34 
8.82262e+10 1.18722e+29 5.773641405952447e+18 5.288702001298920e+34 
1.32441e+11 2.03727e+29 6.553443915115510e+18 7.933975918941651e+34 
2.20681e+11 3.49597e+29 7.398705916209887e+18 1.320827446281471e+35 
3.68466e+11 5.99911e+29 8.282947634599018e+18 2.203296584685556e+35 
1.01967e+12 1.02945e+30 8.984644007947195e+18 6.088325291555053e+35 
1.91193e+12 1.76655e+30 9.494480559216183e+18 1.140832958234315e+36 
3.12007e+12 3.03141e+30 1.000160878466343e+19 1.860769565780577e+36 
4.83753e+12 5.20191e+30 1.055146136560121e+19 2.883607091766095e+36 
7.32567e+12 8.92652e+30 1.116835644776122e+19 4.364462731576609e+36 
1.09870e+13 1.53180e+31 1.187142583764648e+19 6.541937920398139e+36 
1.64803e+13 2.62857e+31 1.267610608512359e+19 9.806206841217392e+36 
2.48320e+13 4.51065e+31 1.359409662611545e+19 1.476423176639191e+37 
3.71879e+13 7.74031e+31 1.464158511990841e+19 2.209138962644990e+37 
5.47128e+13 1.32824e+32 1.585109988251932e+19 3.247076841099815e+37 
7.79753e+13 2.27927e+32 1.728307200654104e+19 4.622828160810348e+37 
1.06709e+14 3.91125e+32 1.904275477883070e+19 6.319164285148853e+37 
1.41693e+14 6.71173e+32 2.128134087432216e+19 8.379888188401986e+37 
1.79566e+14 1.15174e+33 2.424183558615501e+19 1.060448065495900e+38 
2.21568e+14 1.97639e+33 2.830482992917556e+19 1.306201710692991e+38 
2.71888e+14 3.39150e+33 3.395899770826680e+19 1.599038588318014e+38 
3.33533e+14 5.81983e+33 4.183091235080498e+19 1.955096390087546e+38 
4.07757e+14 9.98687e+33 5.279514935984255e+19 2.379350555034290e+38 
5.03594e+14 1.71375e+34 6.797023853403214e+19 2.919228999158010e+38 
6.24371e+14 2.94081e+34 8.876277925093582e+19 3.586128161365093e+38 
7.85583e+14 5.04646e+34 1.168805270710416e+20 4.452322719779344e+38 
1.00448e+15 8.65975e+34 1.541535878437460e+20 5.586258961926449e+38 
1.31370e+15 1.48602e+35 2.024498648998320e+20 7.112855346304628e+38 
1.81717e+15 2.55002e+35 2.622795768130475e+20 9.452733136426308e+38 
2.46994e+15 4.37585e+35 3.345822156426977e+20 1.227550992690638e+39 
3.12278e+15 7.50899e+35 4.252090466041555e+20 1.485683046793879e+39 
3.98460e+15 1.28855e+36 5.403983408260408e+20 1.789049725107420e+39 
5.17264e+15 2.21116e+36 6.827466362448894e+20 2.151108212993362e+39 
6.91126e+15 3.79436e+36 8.530931991517202e+20 2.595807343705456e+39 
9.54030e+15 6.51115e+36 1.050128189028745e+21 3.143153972400600e+39 
1.37385e+16 1.11732e+37 1.270526210386209e+21 3.834896830340353e+39 
2.06111e+16 1.91732e+37 1.509588203000442e+21 4.710807851887016e+39 
3.19508e+16 3.29014e+37 1.762909995575155e+21 5.808631032669232e+39 
5.11249e+16 5.64591e+37 2.026583034130372e+21 7.199304035206508e+39 
