106
7.80000e+00 1.01000e+08 1.000000000000000e+00 4.698795180722962e+24
7.86000e+00 1.01000e+09 1.157946629165269e+08 4.734939759036205e+24
7.90000e+00 1.01000e+10 1.269452049889617e+09 4.759036144578364e+24
8.15000e+00 1.01000e+11 1.267708525005907e+10 4.909638554215315e+24
1.16000e+01 1.21000e+12 1.211370595001572e+11 6.987951807098076e+24
1.64000e+01 1.40000e+13 1.017364459510011e+12 9.879518070489597e+24
4.51000e+01 1.70000e+14 6.076705858546280e+12 2.716867462904601e+25
2.12000e+02 5.82000e+15 4.872391666226939e+13 1.277108403508764e+26
1.15000e+03 1.90000e+17 3.206724388438867e+14 6.927709645088004e+26
1.04400e+04 9.74400e+18 2.085685492452927e+15 6.289148562640985e+27
2.62200e+04 4.96800e+19 4.300724422116231e+15 1.579513843816999e+28
6.58700e+04 2.43100e+20 8.585327648535554e+15 3.968050678245718e+28
1.65400e+05 1.15100e+21 1.661134940613050e+16 9.963748410271617e+28
4.15600e+05 5.26600e+21 3.113184639693159e+16 2.503563031417219e+29
1.04400e+06 2.31800e+22 5.637078789809274e+16 6.288917532113082e+29
2.62200e+06 9.75500e+22 9.823793802270347e+16 1.579410809416864e+30
6.58800e+06 3.91100e+23 1.651370193851722e+17 3.968207649843547e+30
8.29300e+06 5.25900e+23 1.833070570850680e+17 4.995116726219748e+30
1.65500e+07 1.43500e+24 2.575234489468157e+17 9.967984755458204e+30
3.30200e+07 3.83300e+24 3.565410566998838e+17 1.988624478073943e+31
6.58900e+07 1.00600e+25 4.855034973143420e+17 3.967807406359445e+31
1.31500e+08 2.60400e+25 6.514242926503165e+17 7.917691186982454e+31
2.62400e+08 6.67600e+25 8.653913867049318e+17 1.579648605894070e+32
3.30400e+08 8.73800e+25 9.351655321505760e+17 1.988876577393412e+32
5.23700e+08 1.62900e+26 1.113042991360343e+18 3.152005155076383e+32
8.30100e+08 3.02900e+26 1.322173059425539e+18 4.995278531652059e+32
1.04500e+09 4.12900e+26 1.440858462676231e+18 6.287859551784352e+32
1.31600e+09 5.03600e+26 1.518045189928309e+18 7.917701445937253e+32
1.65700e+09 6.86000e+26 1.639959584391741e+18 9.968319738044036e+32
2.62600e+09 1.27200e+27 1.916631713149610e+18 1.579408507997411e+33
4.16400e+09 2.35600e+27 2.239467717942762e+18 2.503766293549853e+33
6.60100e+09 4.36200e+27 2.618527558269814e+18 3.967852390467774e+33
8.31200e+09 5.66200e+27 2.793223911233673e+18 4.995474308724729e+33
1.04600e+10 7.70200e+27 3.010604603009213e+18 6.285277578607203e+33
1.31800e+10 1.04800e+28 3.246131568141483e+18 7.918132634568090e+33
1.65900e+10 1.42500e+28 3.499915730795552e+18 9.964646988214994e+33
2.09000e+10 1.93800e+28 3.774741006863546e+18 1.255052800774333e+34
2.63100e+10 2.50300e+28 4.014780206768711e+18 1.579545673652798e+34
3.31300e+10 3.40400e+28 4.317831726448436e+18 1.988488463504033e+34
4.17200e+10 4.62800e+28 4.646291608758636e+18 2.503379640977065e+34
5.25400e+10 5.94900e+28 4.927359777046148e+18 3.151720931652274e+34
6.61700e+10 8.08900e+28 5.287586080904092e+18 3.968151735612910e+34
8.33200e+10 1.10000e+29 5.677637396835295e+18 4.994995310195290e+34
1.04900e+11 1.49500e+29 6.097968154425379e+18 6.286498800006776e+34
1.32200e+11 2.03300e+29 6.553704076675019e+18 7.919521253825185e+34
1.66400e+11 2.59700e+29 6.932922860174182e+18 9.964341016667146e+34
1.84400e+11 2.89200e+29 7.100996231341637e+18 1.104024323001462e+35
2.09600e+11 3.29000e+29 7.302912999460339e+18 1.254619611126682e+35
2.64000e+11 4.47300e+29 7.801189133603082e+18 1.579588892045295e+35
3.32500e+11 5.81600e+29 8.252940103235718e+18 1.988565738933728e+35
4.18800e+11 7.53800e+29 8.710551350551819e+18 2.503561780689725e+35
4.29900e+11 7.80500e+29 8.774012262748510e+18 2.569780082714395e+35
4.46000e+11 7.89000e+29 8.793402718214299e+18 2.665824694449485e+35
5.22800e+11 8.35200e+29 8.888584165828376e+18 3.123946525953616e+35
6.61000e+11 9.09800e+29 9.015182344330039e+18 3.948222384313103e+35
7.96400e+11 9.83100e+29 9.115886202428306e+18 4.755697604312120e+35
9.72800e+11 1.08300e+30 9.228938242554155e+18 5.807556544067428e+35
1.19600e+12 1.21800e+30 9.353548588340060e+18 7.138304213736713e+35
1.47100e+12 1.39900e+30 9.489304401520411e+18 8.777653631971616e+35
1.80500e+12 1.68300e+30 9.662916598353355e+18 1.076837272716171e+36
2.20200e+12 1.95000e+30 9.796648174499881e+18 1.313417953138369e+36
2.93000e+12 2.59200e+30 1.004639229994465e+19 1.747157788902558e+36
3.83300e+12 3.50600e+30 1.031719959699455e+19 2.285004034820638e+36
4.93300e+12 4.77100e+30 1.060626231961342e+19 2.939983642627298e+36
6.24800e+12 6.48100e+30 1.091248816114249e+19 3.722722765704268e+36
7.80100e+12 8.74800e+30 1.123546353605510e+19 4.646805278760175e+36
9.61100e+12 1.17000e+31 1.157469224223553e+19 5.723413975645761e+36
1.24600e+13 1.69500e+31 1.205104455978235e+19 7.417258934884369e+36
1.49600e+13 2.20900e+31 1.242585565332612e+19 8.902909532230595e+36
1.77800e+13 2.84800e+31 1.281598407175551e+19 1.057801059193907e+37
2.21000e+13 3.93100e+31 1.335910916365704e+19 1.314278492046241e+37
2.98800e+13 6.17800e+31 1.422481793925897e+19 1.775810743961577e+37
3.76700e+13 8.77400e+31 1.499308970128912e+19 2.237518046976615e+37
5.08100e+13 1.38600e+32 1.614317463895106e+19 3.015480061626022e+37
6.19300e+13 1.88200e+32 1.702142123464848e+19 3.673108933334910e+37
7.73200e+13 2.66200e+32 1.813939645708965e+19 4.582250451016437e+37
9.82600e+13 3.89700e+32 1.954253029978894e+19 5.817514573447143e+37
1.26200e+14 5.86100e+32 2.128652982173805e+19 7.462829065355272e+37
1.58600e+14 8.59500e+32 2.319751079886839e+19 9.366909835277353e+37
2.00400e+14 1.28600e+33 2.556058151406536e+19 1.181756556131619e+38
2.52000e+14 1.90000e+33 2.825507035159672e+19 1.483429964961601e+38
2.76100e+14 2.24200e+33 2.953902424237805e+19 1.624017085986937e+38
3.08500e+14 2.75100e+33 3.126394372555358e+19 1.812706077645992e+38
3.43300e+14 3.36900e+33 3.314043589958778e+19 2.014966697262434e+38
3.88500e+14 4.28600e+33 3.561737007780809e+19 2.277038022574691e+38
4.63600e+14 6.10300e+33 3.982387335284262e+19 2.710857199468926e+38
5.09400e+14 7.39100e+33 4.243033212193052e+19 2.974422543565411e+38
6.96800e+14 2.72000e+34 7.426441862099039e+19 4.032537572878714e+38
8.79700e+14 3.78900e+34 8.724124303035107e+19 5.039636374142598e+38
1.06600e+15 5.47800e+34 1.036712570231527e+20 6.049238433413591e+38
1.44800e+15 1.11000e+35 1.451152858409436e+20 8.055352865911494e+38
1.85400e+15 2.15300e+35 2.021230836856225e+20 1.007176845456461e+39
2.37400e+15 3.56000e+35 2.600745692272189e+20 1.249436523473670e+39
2.65700e+15 4.60000e+35 2.950972308108102e+20 1.374649353605216e+39
2.95100e+15 5.88000e+35 3.328971572348313e+20 1.499556070731633e+39
3.25800e+15 7.43000e+35 3.732285025963002e+20 1.624425527474933e+39
3.57900e+15 9.22000e+35 4.144566600772547e+20 1.749178515712380e+39
3.91700e+15 1.12200e+36 4.554282296699553e+20 1.874659541426780e+39
4.26800e+15 1.34200e+36 4.957265041276232e+20 1.999204129259017e+39
4.63600e+15 1.58200e+36 5.352354170247614e+20 2.124111142254522e+39
5.02100e+15 1.84600e+36 5.744522668552691e+20 2.249196383913819e+39
5.42300e+15 2.14100e+36 6.141211473569528e+20 2.374204341698795e+39
5.84400e+15 2.47500e+36 6.548638699304781e+20 2.499395169401537e+39
6.28300e+15 2.84900e+36 6.963232167583465e+20 2.624097246847900e+39
6.74400e+15 3.26200e+36 7.380090609527533e+20 2.749117360016322e+39
7.22700e+15 3.70300e+36 7.786418788522155e+20 2.874228306314011e+39
