88
1.60602e+03 3.52467e+17 1.000000000000000e+00 9.674851689228939e+26 
2.11475e+03 5.81120e+17 1.230873643758576e+14 1.273948345419744e+27 
2.79463e+03 9.58105e+17 2.769092631058345e+14 1.683512198804490e+27 
3.70352e+03 1.57965e+18 4.685280443539717e+14 2.231034424927728e+27 
4.91811e+03 2.60440e+18 7.066526963667350e+14 2.962718666692817e+27 
6.53952e+03 4.29393e+18 1.002078381715176e+15 3.939465514715437e+27 
8.70009e+03 7.07949e+18 1.368238465976166e+15 5.241016538128031e+27 
1.15528e+04 1.16721e+19 1.822402168680559e+15 6.959487445636105e+27 
1.53061e+04 1.92440e+19 2.387040112368233e+15 9.220532633714266e+27 
2.03109e+04 3.17281e+19 3.089240161018059e+15 1.223544996582521e+28 
2.70076e+04 5.23107e+19 3.960820923388498e+15 1.626957827305668e+28 
3.60208e+04 8.62458e+19 5.039819673618904e+15 2.169919512368310e+28 
4.81459e+04 1.42195e+20 6.372103903068548e+15 2.900343578964451e+28 
6.44837e+04 2.34440e+20 8.013712141091663e+15 3.884543827485028e+28 
8.65035e+04 3.86527e+20 1.003285214328090e+16 5.211019134542285e+28 
1.16273e+05 6.37275e+20 1.251195424503504e+16 7.004317299845934e+28 
1.56618e+05 1.05069e+21 1.554952351248682e+16 9.434701042684642e+28 
2.11429e+05 1.73229e+21 1.926331171780889e+16 1.273652553524051e+29 
2.86091e+05 2.85607e+21 2.379353634060714e+16 1.723410505915379e+29 
3.88070e+05 4.70886e+21 2.930640449498693e+16 2.337727302395149e+29 
5.27691e+05 7.76360e+21 3.599868147712698e+16 3.178784088775189e+29 
7.19520e+05 1.28000e+22 4.410166481079854e+16 4.334331201761127e+29 
9.84060e+05 2.11037e+22 5.388434827194169e+16 5.927858052113542e+29 
1.35025e+06 3.47940e+22 6.565781583213770e+16 8.133681275120868e+29 
1.85922e+06 5.73657e+22 7.977929907071587e+16 1.119953331180898e+30 
2.56969e+06 9.45800e+22 9.664468556655182e+16 1.547905430429813e+30 
3.51147e+06 1.55936e+23 1.168923679835262e+17 2.115175294484530e+30 
4.87928e+06 2.57095e+23 1.411579970073946e+17 2.939033299242799e+30 
7.01385e+06 4.23878e+23 1.694454617462287e+17 4.224700572899133e+30 
1.01875e+07 6.98857e+23 2.016273059677129e+17 6.136110209022770e+30 
1.43090e+07 1.15222e+24 2.387763850030962e+17 8.618387023099187e+30 
2.01297e+07 1.89969e+24 2.824267232091969e+17 1.212381615863699e+31 
2.86174e+07 3.13206e+24 3.333119310689871e+17 1.723513145646350e+31 
4.08239e+07 5.16389e+24 3.922020736329500e+17 2.458544217368009e+31 
5.84219e+07 8.51382e+24 4.601510120315604e+17 3.518162586364718e+31 
8.38498e+07 1.40369e+25 5.383136674142948e+17 5.049105734854780e+31 
1.20645e+08 2.31430e+25 6.279335023850268e+17 7.264251660047179e+31 
1.71695e+08 3.81563e+25 7.312915664213272e+17 1.033719346369198e+32 
2.50064e+08 6.29091e+25 8.498542842957332e+17 1.505409746626997e+32 
3.77722e+08 1.03720e+26 9.811988953619697e+17 2.273647867450104e+32 
5.42890e+08 1.71005e+26 1.128065075854355e+18 3.267465482302831e+32 
7.86999e+08 2.81939e+26 1.296491249362282e+18 4.736009161959643e+32 
1.19945e+09 4.64839e+26 1.483031364050301e+18 7.216780655537892e+32 
1.79963e+09 7.66390e+26 1.685730001511835e+18 1.082594164471407e+33 
2.61292e+09 1.26356e+27 1.912371265744036e+18 1.571550169327273e+33 
3.79767e+09 2.08326e+27 2.169831189300035e+18 2.283626583159652e+33 
5.46934e+09 3.43472e+27 2.463882172839400e+18 3.288057345414606e+33 
8.31278e+09 5.66290e+27 2.790893701450956e+18 4.995955969627831e+33 
1.20848e+10 9.33654e+27 3.152885502268294e+18 7.260714528671431e+33 
1.75427e+10 1.53934e+28 3.565196300123844e+18 1.053633100244943e+34 
2.66038e+10 2.53793e+28 4.022282064193659e+18 1.597175026532174e+34 
3.85362e+10 4.18435e+28 4.531133811558993e+18 2.312571675171814e+34 
5.89429e+10 6.89882e+28 5.094233270305513e+18 3.535308534863630e+34 
8.54353e+10 1.13742e+29 5.716570503807182e+18 5.121645401809423e+34 
1.23922e+11 1.87529e+29 6.428387432586388e+18 7.424451343432838e+34 
1.97098e+11 3.09184e+29 7.198534074345211e+18 1.179918432561425e+35 
2.95519e+11 5.09758e+29 8.024084106485126e+18 1.767799881746780e+35 
5.31891e+11 8.40449e+29 8.869130734120574e+18 3.178276462942707e+35 
1.45194e+12 1.38567e+30 9.489112459324219e+18 8.663963346860993e+35 
2.60965e+12 2.28458e+30 9.935310542866588e+18 1.556307028546574e+36 
4.07155e+12 3.76663e+30 1.038134035881968e+19 2.427070335210371e+36 
6.04958e+12 6.21012e+30 1.086672848271496e+19 3.604636905554833e+36 
8.73932e+12 1.02388e+31 1.141378454361212e+19 5.204987310381519e+36 
1.24245e+13 1.68809e+31 1.204364886144186e+19 7.396192705297210e+36 
1.75050e+13 2.78318e+31 1.277762157617872e+19 1.041468868521902e+37 
2.45129e+13 4.58869e+31 1.363912919802337e+19 1.457471793420098e+37 
3.41655e+13 7.56548e+31 1.465564007786127e+19 2.029861706460858e+37 
4.74382e+13 1.24734e+32 1.585994283920342e+19 2.815948074219772e+37 
6.55650e+13 2.05651e+32 1.729248834728277e+19 3.887949419258334e+37 
9.00782e+13 3.39061e+32 1.900523905109619e+19 5.335103249213678e+37 
1.22634e+14 5.59017e+32 2.106742038321641e+19 7.253024169492906e+37 
1.63545e+14 9.21664e+32 2.357630295814126e+19 9.657216618453612e+37 
1.91498e+14 1.51957e+33 2.689067760120579e+19 1.129485019684899e+38 
2.19827e+14 2.50534e+33 3.161558073449206e+19 1.294697410248660e+38 
2.50661e+14 4.13061e+33 3.840002857223456e+19 1.473376351569202e+38 
2.86301e+14 6.81023e+33 4.813803593737812e+19 1.678025900355602e+38 
3.27406e+14 1.12282e+34 6.205077079960259e+19 1.910985108187512e+38 
3.75017e+14 1.85121e+34 8.182392302320171e+19 2.175828621326364e+38 
4.32358e+14 3.05213e+34 1.096596435050781e+20 2.486475928681293e+38 
5.03352e+14 5.03211e+34 1.482537542336148e+20 2.857129141955807e+38 
5.93873e+14 8.29655e+34 2.007069074461996e+20 3.306335050350914e+38 
7.15161e+14 1.36787e+35 2.701416266682988e+20 3.868581254131556e+38 
8.84083e+14 2.25524e+35 3.591236427545450e+20 4.585176515756081e+38 
1.13068e+15 3.71826e+35 4.690180892631679e+20 5.520905768310995e+38 
1.50644e+15 6.13037e+35 5.993802241679820e+20 6.767249767306130e+38 
2.07846e+15 1.01073e+36 7.485129514512881e+20 8.389900540322914e+38 
2.98130e+15 1.66641e+36 9.138255145033754e+20 1.053769465061772e+39 
4.42141e+15 2.74744e+36 1.092080464916512e+21 1.336531267644789e+39 
