57
7.80000e+00 1.01000e+08 1.000000000000000e+00 4.698795180722962e+24 3.004858842691998e+02
7.86000e+00 1.01000e+09 1.157946629165269e+08 4.734939759036205e+24 3.004858842692385e+02
7.90000e+00 1.01000e+10 1.269452049889617e+09 4.759036144578364e+24 4.536082892978505e+02
8.15000e+00 1.01000e+11 1.267708525005907e+10 4.909638554215315e+24 7.390700346409537e+01
1.16000e+01 1.21000e+12 1.211370595001572e+11 6.987951807098076e+24 7.034972732835758e+00
1.64000e+01 1.40000e+13 1.017364459510011e+12 9.879518070489597e+24 7.070762335699494e+00
4.51000e+01 1.70000e+14 6.076705858546280e+12 2.716867462904601e+25 2.468108805639461e+00
2.12000e+02 5.82000e+15 4.872391666226939e+13 1.277108403508764e+26 2.282902381403344e+00
1.15000e+03 1.90000e+17 3.206724388438867e+14 6.927709645088004e+26 2.061423299418752e+00
1.04400e+04 9.74400e+18 2.085685492452927e+15 6.289148562640985e+27 1.784948544035874e+00
2.62200e+04 4.96800e+19 4.300724422116231e+15 1.579513843816999e+28 1.768914389323322e+00
6.58700e+04 2.43100e+20 8.585327648535554e+15 3.968050678245718e+28 1.723778592177370e+00
1.65400e+05 1.15100e+21 1.661134940613050e+16 9.963748410271617e+28 1.688881426787534e+00
4.15600e+05 5.26600e+21 3.113184639693159e+16 2.503563031417219e+29 1.650459304890093e+00
1.04400e+06 2.31800e+22 5.637078789809274e+16 6.288917532113082e+29 1.609020791915583e+00
2.62200e+06 9.75500e+22 9.823793802270347e+16 1.579410809416864e+30 1.560613763252759e+00
6.58800e+06 3.91100e+23 1.651370193851722e+17 3.968207649843547e+30 1.507295350278798e+00
8.29300e+06 5.25900e+23 1.833070570850680e+17 4.995116726219748e+30 1.286783784912070e+00
1.65500e+07 1.43500e+24 2.575234489468157e+17 9.967984755458204e+30 1.452884524638865e+00
3.30200e+07 3.83300e+24 3.565410566998838e+17 1.988624478073943e+31 1.422572674269833e+00
6.58900e+07 1.00600e+25 4.855034973143420e+17 3.967807406359445e+31 1.396903562976011e+00
1.31500e+08 2.60400e+25 6.514242926503165e+17 7.917691186982454e+31 1.376625821594253e+00
2.62400e+08 6.67600e+25 8.653913867049318e+17 1.579648605894070e+32 1.363130632761538e+00
3.30400e+08 8.73800e+25 9.351655321505760e+17 1.988876577393412e+32 1.168410684355999e+00
5.23700e+08 1.62900e+26 1.113042991360343e+18 3.152005155076383e+32 1.352725645767890e+00
8.30100e+08 3.02900e+26 1.322173059425539e+18 4.995278531652059e+32 1.347115563833096e+00
1.04500e+09 4.12900e+26 1.440858462676231e+18 6.287859551784352e+32 1.346237742522272e+00
1.31600e+09 5.03600e+26 1.518045189928309e+18 7.917701445937253e+32 8.615728449356128e-01
1.65700e+09 6.86000e+26 1.639959584391741e+18 9.968319738044036e+32 1.342108205566340e+00
2.62600e+09 1.27200e+27 1.916631713149610e+18 1.579408507997411e+33 1.341724036470267e+00
4.16400e+09 2.35600e+27 2.239467717942762e+18 2.503766293549853e+33 1.337838629967919e+00
6.60100e+09 4.36200e+27 2.618527558269814e+18 3.967852390467774e+33 1.337872998799717e+00
8.31200e+09 5.66200e+27 2.793223911233673e+18 4.995474308724729e+33 1.132615588612521e+00
1.04600e+10 7.70200e+27 3.010604603009213e+18 6.285277578607203e+33 1.339760513319423e+00
1.31800e+10 1.04800e+28 3.246131568141483e+18 7.918132634568090e+33 1.333643547592196e+00
1.65900e+10 1.42500e+28 3.499915730795552e+18 9.964646988214994e+33 1.336733940233683e+00
2.09000e+10 1.93800e+28 3.774741006863546e+18 1.255052800774333e+34 1.332769889290325e+00
2.63100e+10 2.50300e+28 4.014780206768711e+18 1.579545673652798e+34 1.112529883205148e+00
3.31300e+10 3.40400e+28 4.317831726448436e+18 1.988488463504033e+34 1.335470238907093e+00
4.17200e+10 4.62800e+28 4.646291608758636e+18 2.503379640977065e+34 1.334045509179903e+00
5.25400e+10 5.94900e+28 4.927359777046148e+18 3.151720931652274e+34 1.090290760506677e+00
6.61700e+10 8.08900e+28 5.287586080904092e+18 3.968151735612910e+34 1.334041755129925e+00
8.33200e+10 1.10000e+29 5.677647984386809e+18 4.994995251352083e+34 1.335762361301212e+00
1.00000e+11 1.40200e+29 6.007356633978408e+18 5.993299174014897e+34 1.331466184040548e+00
2.00000e+11 3.13400e+29 7.206489006907356e+18 1.197281032014887e+35 1.162542254494495e+00
4.00000e+11 7.15700e+29 8.672720920156850e+18 2.391248847376186e+35 1.193721588774671e+00
8.00000e+11 1.03600e+30 9.228502681906242e+18 4.776917888094152e+35 5.343659812532356e-01
1.00000e+12 1.25700e+30 9.473901401216950e+18 5.969265140210954e+35 8.677428663149753e-01
2.00000e+12 2.12200e+30 1.008175138682551e+19 1.192786036339965e+36 7.563318344462732e-01
4.00000e+12 3.78000e+30 1.065412286010822e+19 2.383745936109886e+36 8.338374135911689e-01
8.00000e+12 8.52700e+30 1.145481617345254e+19 4.763886330347948e+36 1.175043932777000e+00
1.00000e+13 1.16200e+31 1.179848405023799e+19 5.953217185533753e+36 1.388748615054848e+00
2.00000e+13 3.26200e+31 1.321734278540367e+19 1.189384774424109e+37 1.491849160174777e+00
4.00000e+13 9.40700e+31 1.529633911184461e+19 2.375173071697946e+37 1.531976209127891e+00
8.00000e+13 2.74600e+32 1.834132290018557e+19 4.739957123069321e+37 1.551427737639772e+00
1.00000e+14 3.92900e+32 1.965184818406619e+19 5.919569033404401e+37 1.612440681859996e+00
1.58600e+14 8.61700e+32 2.327580789158479e+19 9.366237529961119e+37 1.713082926152418e+00
