94
4.64282e+01 1.82212e+14 1.000000000000000e+00 2.796880874023239e+25 
5.82880e+01 3.12677e+14 2.488459053892471e+12 3.511327677030571e+25 
7.34149e+01 5.36556e+14 5.884060182751363e+12 4.422581696954528e+25 
9.27790e+01 9.20734e+14 1.050220710228433e+13 5.589094663877532e+25 
1.17660e+02 1.57999e+15 1.676156367484430e+13 7.087977327721534e+25 
1.49755e+02 2.71127e+15 2.521529541951885e+13 9.021369126442151e+25 
1.91317e+02 4.65255e+15 3.659045288813594e+13 1.152513156766434e+26 
2.45190e+02 7.98381e+15 5.184428867240417e+13 1.477050071625968e+26 
3.15366e+02 1.37003e+16 7.223123811813664e+13 1.899793114797681e+26 
4.07409e+02 2.35098e+16 9.936949057147131e+13 2.454269789627481e+26 
5.28785e+02 4.03429e+16 1.353304700420308e+14 3.185452208507963e+26 
6.89745e+02 6.92288e+16 1.827527245682130e+14 4.155092679778708e+26 
9.04456e+02 1.18797e+17 2.449726508369178e+14 5.448527555664278e+26 
1.19415e+03 2.03856e+17 3.261364079031369e+14 7.193693593335174e+26 
1.59942e+03 3.49819e+17 4.308315050500797e+14 9.635081776895076e+26 
2.15316e+03 6.00292e+17 5.645553820414220e+14 1.297081595596666e+27 
2.91057e+03 1.03011e+18 7.346340865413161e+14 1.753355900003662e+27 
3.94689e+03 1.76767e+18 9.501689295528776e+14 2.377641365590287e+27 
5.36398e+03 3.03333e+18 1.222582485020240e+15 3.231309914211471e+27 
7.29891e+03 5.20522e+18 1.566299381594749e+15 4.396928298098902e+27 
9.93459e+03 8.93218e+18 1.999596707673815e+15 5.984683813829276e+27 
1.34644e+04 1.53277e+19 2.547098599592481e+15 8.111098953269080e+27 
1.82622e+04 2.63024e+19 3.240222904957852e+15 1.100132070381454e+28 
2.48222e+04 4.51351e+19 4.116279890892323e+15 1.495311254985350e+28 
3.38511e+04 7.74522e+19 5.220421258764129e+15 2.039213667736082e+28 
4.62898e+04 1.32909e+20 6.607758271220554e+15 2.788530297125137e+28 
6.34510e+04 2.28072e+20 8.346492518805996e+15 3.822332169438731e+28 
8.71412e+04 3.91373e+20 1.052102386603632e+16 5.249432262038653e+28 
1.19952e+05 6.71599e+20 1.323491534743894e+16 7.225937208207509e+28 
1.65526e+05 1.15247e+21 1.661381325333602e+16 9.971348200376143e+28 
2.29012e+05 1.97764e+21 2.080997609874004e+16 1.379569370639101e+29 
3.17724e+05 3.39365e+21 2.600709251659734e+16 1.913966506304609e+29 
4.42071e+05 5.82353e+21 3.242575064110087e+16 2.663023481851838e+29 
6.16901e+05 9.99321e+21 4.033010166570787e+16 3.716172334862950e+29 
8.63800e+05 1.71484e+22 5.003322274849288e+16 5.203438540015839e+29 
1.21398e+06 2.94268e+22 6.190221912264819e+16 7.312842435830932e+29 
1.71295e+06 5.04966e+22 7.636484462154768e+16 1.031846055282427e+30 
2.42745e+06 8.66525e+22 9.390434685312066e+16 1.462227542327015e+30 
3.40727e+06 1.48696e+23 1.152576488636815e+17 2.052411547478834e+30 
4.85414e+06 2.55164e+23 1.412162314977692e+17 2.923894655014547e+30 
7.19345e+06 4.37863e+23 1.718439417412618e+17 4.332867545468368e+30 
1.07163e+07 7.51376e+23 2.071045757575298e+17 6.454646288300993e+30 
1.54170e+07 1.28937e+24 2.484631395049654e+17 9.285649532727448e+30 
2.24009e+07 2.21256e+24 2.976297364106157e+17 1.349155701316585e+31 
3.27976e+07 3.79677e+24 3.554536000907749e+17 1.975229821263356e+31 
4.82083e+07 6.51528e+24 4.230764718639034e+17 2.903185785333548e+31 
7.11111e+07 1.11803e+25 5.018756013814684e+17 4.282160022653953e+31 
1.05228e+08 1.91854e+25 5.933557464041006e+17 6.336132053927996e+31 
1.54719e+08 3.29223e+25 6.998154793509906e+17 9.315357966686167e+31 
2.29706e+08 5.64949e+25 8.237365064407137e+17 1.382881877837233e+32 
3.58660e+08 9.69456e+25 9.629708669609964e+17 2.158935139410117e+32 
5.31913e+08 1.66359e+26 1.119777269492175e+18 3.201417757282081e+32 
7.94320e+08 2.85474e+26 1.301499939381296e+18 4.780045360689255e+32 
1.27519e+09 4.89875e+26 1.502202890677126e+18 7.672333163776492e+32 
1.92803e+09 8.40629e+26 1.722605367200957e+18 1.159803965506493e+33 
2.88482e+09 1.44253e+27 1.974691906084400e+18 1.734996888833330e+33 
4.31242e+09 2.47538e+27 2.264064960243914e+18 2.592964205721341e+33 
6.45841e+09 4.24777e+27 2.596450077737985e+18 3.882225742218940e+33 
1.00516e+10 7.28921e+27 2.969237208957302e+18 6.040049218014008e+33 
1.50465e+10 1.25083e+28 3.388094917796389e+18 9.038393933446013e+33 
2.29058e+10 2.14644e+28 3.864963058607905e+18 1.375379325813480e+34 
3.50640e+10 3.68330e+28 4.401145949155365e+18 2.104426929939395e+34 
5.51416e+10 6.32057e+28 4.992568378950844e+18 3.307591850385720e+34 
8.24425e+10 1.08461e+29 5.653911089014259e+18 4.942496713365150e+34 
1.23201e+11 1.86121e+29 6.417791395854565e+18 7.381304009840847e+34 
2.03566e+11 3.19384e+29 7.248997321976251e+18 1.218576471282658e+35 
3.15202e+11 5.48066e+29 8.151693716414836e+18 1.885305669289974e+35 
7.17793e+11 9.40485e+29 8.983244497292837e+18 4.287290819879597e+35 
1.72342e+12 1.61388e+30 9.577830047177394e+18 1.028269868991310e+36 
3.11552e+12 2.76943e+30 1.006155433296959e+19 1.857758215720849e+36 
4.91758e+12 4.75235e+30 1.055791729447703e+19 2.930947184361936e+36 
7.41117e+12 8.15507e+30 1.111289988208463e+19 4.415097102272418e+36 
1.09027e+13 1.39942e+31 1.175345992535057e+19 6.491803246493163e+36 
1.58370e+13 2.40141e+31 1.250584687668136e+19 9.424428345640252e+36 
2.28102e+13 4.12083e+31 1.339857359109193e+19 1.356497800520193e+37 
3.26748e+13 7.07137e+31 1.446496778543619e+19 1.941601783075737e+37 
4.65932e+13 1.21345e+32 1.574488436961962e+19 2.766065916522857e+37 
6.60916e+13 2.08229e+32 1.728831205367092e+19 3.919260563461440e+37 
9.30863e+13 3.57323e+32 1.916060903000379e+19 5.512768326235699e+37 
1.29688e+14 6.13169e+32 2.145210414489095e+19 7.668379931753679e+37 
1.78411e+14 1.05220e+33 2.429130531637731e+19 1.052967244381823e+38 
2.45770e+14 1.80559e+33 2.779614705678821e+19 1.447185700853977e+38 
2.74053e+14 3.09840e+33 3.266264146313744e+19 1.612025883832676e+38 
3.05086e+14 5.31687e+33 4.018387957524894e+19 1.791582571520614e+38 
3.42640e+14 9.12378e+33 5.162936832873329e+19 2.006605560901294e+38 
3.86274e+14 1.56565e+34 6.889589573286622e+19 2.252434673960786e+38 
4.58582e+14 2.68666e+34 9.406398775452384e+19 2.650214593404436e+38 
5.64534e+14 4.61033e+34 1.288942934045084e+20 3.214170724583450e+38 
6.81028e+14 7.91136e+34 1.764931108943721e+20 3.806829250640984e+38 
8.22774e+14 1.35759e+35 2.415305682854099e+20 4.483949794483040e+38 
1.01119e+15 2.32964e+35 3.284235436942275e+20 5.310444010061436e+38 
1.29118e+15 3.99768e+35 4.400721746518188e+20 6.408907310118816e+38 
1.72446e+15 6.86005e+35 5.768618934937881e+20 7.887617589275742e+38 
2.41923e+15 1.17719e+36 7.368827306018902e+20 9.894859416604584e+38 
