107
7.80000e+00 1.01000e+08 1.000000000000000e+00 4.698795180722962e+24
7.87051e+00 1.01091e+09 1.157758422906584e+08 4.741271084337419e+24
7.90684e+00 1.01091e+10 1.269298086120080e+09 4.763156626506068e+24
8.16588e+00 1.01091e+11 1.266901969880921e+10 4.919204819275528e+24
1.16146e+01 1.20979e+12 1.209318338454090e+11 6.996746987821241e+24
1.64060e+01 1.39865e+13 1.015673500718561e+12 9.883132528326361e+24
4.51859e+01 1.70103e+14 6.071994454821613e+12 2.722042161685970e+25
2.12326e+02 5.81715e+15 4.862587443151505e+13 1.279072258944416e+26
1.15081e+03 1.89981e+17 3.202663962740311e+14 6.932589164423987e+26
1.04473e+04 9.74340e+18 2.083818207880042e+15 6.293546155470796e+27
2.62424e+04 4.97406e+19 4.300450523133687e+15 1.580863239493801e+28
6.59178e+04 2.43058e+20 8.580071302896814e+15 3.970930189220298e+28
1.65578e+05 1.15003e+21 1.659050626864092e+16 9.974471269956126e+28
4.16201e+05 5.26879e+21 3.110446019594473e+16 2.507183483034217e+29
1.04545e+06 2.31585e+22 5.627517855898888e+16 6.297652449868453e+29
2.62605e+06 9.76586e+22 9.814800457273042e+16 1.581850532860982e+30
6.59786e+06 3.91121e+23 1.649327474611972e+17 3.974147234937249e+30
8.30621e+06 5.25909e+23 1.830730786181928e+17 5.003074243165262e+30
1.65731e+07 1.43519e+24 2.571897002816428e+17 9.981900265422052e+30
3.30676e+07 3.83363e+24 3.560869731882794e+17 1.991491859020298e+31
6.59938e+07 1.00603e+25 4.848481176395555e+17 3.974059959476837e+31
1.31705e+08 2.60442e+25 6.505462275880860e+17 7.930039665657098e+31
2.62786e+08 6.67745e+25 8.642624021906876e+17 1.581973753507209e+32
3.30905e+08 8.73797e+25 9.338819924238739e+17 1.991918425004970e+32
5.24448e+08 1.62934e+26 1.111568253473382e+18 3.156511009261828e+32
8.31386e+08 3.02908e+26 1.320348008920068e+18 5.003024344132836e+32
1.04665e+09 4.12963e+26 1.438908278443350e+18 6.297797475418944e+32
1.31796e+09 5.03629e+26 1.515955679409126e+18 7.929507377921928e+32
1.66117e+09 7.54641e+26 1.682543568892656e+18 9.993380157160283e+32
2.15980e+09 1.06223e+27 1.844462481026938e+18 1.299127426731837e+33
2.65854e+09 1.39175e+27 1.981508866428920e+18 1.598933827848740e+33
3.32363e+09 1.85995e+27 2.138405722653815e+18 1.998672262831217e+33
4.15511e+09 2.48445e+27 2.305797132753476e+18 2.498325693446859e+33
4.98670e+09 3.14630e+27 2.450780415962183e+18 2.997958745866766e+33
6.65017e+09 4.56353e+27 2.695380002595971e+18 3.997179567569471e+33
8.31425e+09 6.08514e+27 2.899191777224711e+18 4.996519107713666e+33
9.97844e+09 7.69415e+27 3.075316313146965e+18 5.995714366295064e+33
1.16432e+10 9.37865e+27 3.231221173324697e+18 6.995067772602007e+33
1.33080e+10 1.11299e+28 3.371619535482889e+18 7.994280819742736e+33
1.39741e+10 1.18476e+28 3.424191119487049e+18 8.394031595697027e+33
1.66384e+10 1.48068e+28 3.617697318425412e+18 9.992752400588748e+33
1.99698e+10 1.86836e+28 3.829716239237450e+18 1.199131681416674e+34
2.49680e+10 2.48154e+28 4.103167672541468e+18 1.498900893486620e+34
3.33007e+10 3.57249e+28 4.479130665686489e+18 1.998476002565065e+34
4.16373e+10 4.73326e+28 4.789520620294960e+18 2.498095448215195e+34
4.99762e+10 5.95142e+28 5.055675032883222e+18 2.997693178284681e+34
6.66596e+10 8.52669e+28 5.499013435983043e+18 3.996823995485626e+34
8.33514e+10 1.12515e+29 5.862944021576376e+18 4.996012270809913e+34
1.00049e+11 1.40971e+29 6.173464183731656e+18 5.995174504880873e+34
1.33458e+11 2.00752e+29 6.687488427898327e+18 7.993394265135384e+34
1.66883e+11 2.63555e+29 7.106393857186308e+18 9.991541512770958e+34
2.50503e+11 4.30042e+29 7.911722584191218e+18 1.498685358941579e+35
3.34190e+11 6.06067e+29 8.516171332993952e+18 1.998230555666942e+35
3.74372e+11 6.93044e+29 8.761401295116477e+18 2.237974702494616e+35
4.17920e+11 7.88734e+29 9.002663227272417e+18 2.497731650865886e+35
4.68180e+11 9.00784e+29 9.255270742605519e+18 2.797442205673773e+35
5.01687e+11 9.76339e+29 9.410795884073959e+18 2.997206153258608e+35
5.85495e+11 1.16732e+30 9.762070962563492e+18 3.496714499716872e+35
6.69334e+11 1.35332e+30 1.005890499315165e+19 3.996225703996317e+35
7.53205e+11 1.50107e+30 1.026707644571595e+19 4.495787240155661e+35
8.37072e+11 1.60909e+30 1.040300628363788e+19 4.995231637085692e+35
9.20964e+11 1.70048e+30 1.050692592220247e+19 5.494759246021400e+35
1.00488e+12 1.78534e+30 1.059496580927112e+19 5.994376814803473e+35
1.17269e+12 1.94850e+30 1.074489707318982e+19 6.993347238022926e+35
1.34055e+12 2.11053e+30 1.087379320912503e+19 7.992461373193013e+35
1.50839e+12 2.27489e+30 1.098909176589377e+19 8.991321247525052e+35
1.67630e+12 2.44298e+30 1.109455487591091e+19 9.990475255436553e+35
2.51596e+12 3.34989e+30 1.153056524263915e+19 1.498534328706158e+36
3.35601e+12 4.36587e+30 1.187756939059760e+19 1.998038215143836e+36
5.03690e+12 6.67576e+30 1.243178704735934e+19 2.997007729676644e+36
8.40142e+12 1.21275e+31 1.325304854600224e+19 4.995021641251738e+36
1.34528e+13 2.16816e+31 1.413707253382790e+19 7.991923318487045e+36
1.68230e+13 2.86603e+31 1.459865805738524e+19 9.989951330373608e+36
2.52547e+13 4.74570e+31 1.549991450616481e+19 1.498481091888121e+37
3.36932e+13 6.75290e+31 1.618328190979199e+19 1.997935264039536e+37
5.05886e+13 1.10339e+32 1.720779071946814e+19 2.996967371226008e+37
6.74999e+13 1.57008e+32 1.799974161990002e+19 3.995946432588847e+37
8.44254e+13 2.09500e+32 1.869006259158476e+19 4.994948135685903e+37
1.01361e+14 2.70851e+32 1.934877939523753e+19 5.993800766630080e+37
1.26792e+14 3.87725e+32 2.036865043410697e+19 7.492319449649787e+37
1.35277e+14 4.35518e+32 2.073203434643414e+19 7.991909666873200e+37
1.43765e+14 4.88824e+32 2.111260296158794e+19 8.491469865398130e+37
1.48858e+14 5.23759e+32 2.135043683997832e+19 8.791114343143701e+37
1.52255e+14 5.48371e+32 2.151325908415783e+19 8.990930763228811e+37
1.55651e+14 5.74064e+32 2.167946782404862e+19 9.190651795590652e+37
1.59050e+14 6.00809e+32 2.184873132979944e+19 9.390511941977812e+37
1.60751e+14 6.14529e+32 2.193417302125636e+19 9.490516024764082e+37
1.62447e+14 6.28408e+32 2.201969306587290e+19 9.590216657809648e+37
1.63299e+14 6.35370e+32 2.206229667967672e+19 9.640298096899621e+37
1.65853e+14 6.40452e+32 2.209305900501499e+19 9.790419915309343e+37
1.67554e+14 6.59196e+32 2.220457292467652e+19 9.890400174946034e+37
1.69254e+14 6.78432e+32 2.231829532315153e+19 9.990304330996857e+37
2.16294e+14 1.03081e+33 2.415694176316911e+19 1.275146234694426e+38
2.51096e+14 1.76887e+33 2.725916929830540e+19 1.478938903431443e+38
2.91142e+14 3.03540e+33 3.187260918882663e+19 1.712395765534471e+38
3.39246e+14 5.20876e+33 3.865604707720020e+19 1.991057504815519e+38
4.01496e+14 8.93828e+33 4.850426123311442e+19 2.348341931351724e+38
4.83002e+14 1.53381e+34 6.253300898655719e+19 2.809982454039459e+38
5.88360e+14 2.63204e+34 8.215218810762502e+19 3.395732007165801e+38
7.08644e+14 4.51659e+34 1.094799680902666e+20 4.047363085619080e+38
8.56247e+14 7.75050e+34 1.474813714161841e+20 4.818360312856454e+38
1.05329e+15 1.32999e+35 1.993173847434202e+20 5.797204535350279e+38
1.32306e+15 2.28228e+35 2.680575536565335e+20 7.050044738255022e+38
1.70455e+15 3.91640e+35 3.563624473625506e+20 8.672937100154050e+38
2.24237e+15 6.72057e+35 4.664132372936709e+20 1.072016616365683e+39
3.08631e+15 1.15325e+36 5.985612412697474e+20 1.352330844787328e+39
4.46498e+15 1.97899e+36 7.503272508252105e+20 1.742773744846946e+39
