71
7.10000e+01 7.80000e+00 1.000000000000000e+00 4.277108433734932e+25 
1.01000e+08 7.86000e+00 3.933507204237689e-05 6.084337349397595e+31 
1.01000e+09 7.90000e+00 3.933518297464041e-05 6.084337349397595e+32 
1.01000e+10 8.15000e+00 3.933521174238766e-05 6.084337349397596e+33 
1.01000e+11 1.16000e+01 3.933523814272754e-05 6.084337349397589e+34 
1.21000e+12 1.64000e+01 3.933532546772832e-05 7.289156626506025e+35 
1.40000e+13 4.51000e+01 3.933762677594735e-05 8.433734939759032e+36 
1.70000e+14 2.12000e+02 3.936394384437774e-05 1.024096385542169e+38 
5.82000e+15 1.15000e+03 3.947592176392101e-05 3.506024096385542e+39 
1.90000e+17 1.04400e+04 3.987812271775149e-05 1.144578313253011e+41 
9.74400e+18 2.62200e+04 4.016682469182911e-05 5.869879518072288e+42 
4.96800e+19 6.58700e+04 4.054050361961924e-05 2.992771084337348e+43 
2.43100e+20 1.65400e+05 4.100532697207474e-05 1.464457831325300e+44 
1.15100e+21 4.15600e+05 4.156622939932941e-05 6.933734939759038e+44 
5.26600e+21 1.04400e+06 4.222497755292675e-05 3.172289156626503e+45 
2.31800e+22 2.62200e+06 4.298197964908715e-05 1.396385542168674e+46 
9.75500e+22 6.58800e+06 4.383669736294831e-05 5.876506024096379e+46 
3.91100e+23 8.29300e+06 4.406517062515709e-05 2.356024096385546e+47 
5.25900e+23 1.65500e+07 4.478622889411793e-05 3.168072289156626e+47 
1.43500e+24 3.30200e+07 4.555856155223898e-05 8.644578313253009e+47 
3.83300e+24 6.58900e+07 4.638089437068538e-05 2.309036144578313e+48 
1.00600e+25 1.31500e+08 4.725137878257560e-05 6.060240963855420e+48 
2.60400e+25 2.62400e+08 4.816762167612726e-05 1.568674698795183e+49 
6.67600e+25 3.30400e+08 4.848308837021923e-05 4.021686746987957e+49 
8.73800e+25 5.23700e+08 4.912798271855870e-05 5.263855421686744e+49 
1.62900e+26 8.30100e+08 4.979143496104791e-05 9.813253012048179e+49 
3.02900e+26 1.04500e+09 5.012978325478113e-05 1.824698795180726e+50 
4.12900e+26 1.31600e+09 5.047305279478066e-05 2.487349397590361e+50 
5.03600e+26 1.65700e+09 5.082039135600770e-05 3.033734939759036e+50 
6.86000e+26 2.62600e+09 5.152712531754150e-05 4.132530120481929e+50 
1.27200e+27 4.16400e+09 5.225103704901313e-05 7.662650602409628e+50 
2.35600e+27 6.60100e+09 5.299020620439862e-05 1.419277108433736e+51 
4.36200e+27 8.31200e+09 5.336564892009004e-05 2.627710843373497e+51 
5.66200e+27 1.04600e+10 5.374375542664191e-05 3.410843373493981e+51 
7.70200e+27 1.31800e+10 5.412759858797129e-05 4.639759036144573e+51 
1.04800e+28 1.65900e+10 5.451324543416974e-05 6.313253012048181e+51 
1.42500e+28 2.09000e+10 5.490378781624114e-05 8.584337349397587e+51 
1.93800e+28 2.63100e+10 5.529645115960071e-05 1.167469879518073e+52 
2.50300e+28 3.31300e+10 5.569292527585648e-05 1.507831325301206e+52 
3.40400e+28 4.17200e+10 5.609273483729820e-05 2.050602409638555e+52 
4.62800e+28 5.25400e+10 5.649581358491577e-05 2.787951807228919e+52 
5.94900e+28 6.61700e+10 5.690210259541412e-05 3.583734939759034e+52 
8.08900e+28 8.33200e+10 5.731109191982721e-05 4.872891566265056e+52 
1.10000e+29 1.00000e+11 5.763704209196436e-05 6.626506024096388e+52 
1.40200e+29 2.00000e+11 5.889152301266279e-05 8.445783132530126e+52 
3.13400e+29 4.00000e+11 6.017060823977014e-05 1.887951807228916e+53 
7.15700e+29 8.00000e+11 6.147261851796125e-05 4.311445783132521e+53 
1.03600e+30 1.00000e+12 6.189638570863161e-05 6.240963855421687e+53 
1.25700e+30 2.00000e+12 6.322627383017760e-05 7.572289156626504e+53 
2.12200e+30 4.00000e+12 6.457552943726882e-05 1.278313253012048e+54 
3.78000e+30 8.00000e+12 6.594276572628215e-05 2.277108433734942e+54 
8.52700e+30 1.00000e+13 6.638652675981239e-05 5.136746987951803e+54 
1.16200e+31 2.00000e+13 6.777554726910573e-05 7.000000000000026e+54 
3.26200e+31 4.00000e+13 6.917964992431843e-05 1.965060240963851e+55 
9.40700e+31 8.00000e+13 7.059771700256092e-05 5.666867469879520e+55 
2.74600e+32 1.00000e+14 7.105703082860732e-05 1.654216867469877e+56 
3.92900e+32 1.58600e+14 7.201048791812467e-05 2.366867469879527e+56 
8.61700e+32 2.51096e+14 7.296556201449069e-05 5.190963855421669e+56 
1.76887e+33 2.91142e+14 7.327423889721644e-05 1.065584337349401e+57 
3.03540e+33 3.39246e+14 7.359375215175751e-05 1.828554216867470e+57 
5.20876e+33 4.01496e+14 7.394639090186810e-05 3.137807228915652e+57 
8.93828e+33 4.83002e+14 7.433398617945836e-05 5.384506024096394e+57 
1.53381e+34 5.88360e+14 7.474861146455844e-05 9.239819277108397e+57 
2.63204e+34 7.08644e+14 7.514024865487501e-05 1.585566265060241e+58 
4.51659e+34 8.56247e+14 7.553935007033364e-05 2.720837349397590e+58 
7.75050e+34 1.05329e+15 7.597707135142249e-05 4.668975903614449e+58 
1.32999e+35 1.32306e+15 7.645998656183104e-05 8.011987951807259e+58 
2.28228e+35 1.70455e+15 7.699772589449079e-05 1.374867469879520e+59 
3.91640e+35 2.24237e+15 7.758115121607964e-05 2.359277108433733e+59 
6.72057e+35 3.08631e+15 7.826250257725410e-05 4.048536144578306e+59 
1.15325e+36 4.46498e+15 7.905242160519126e-05 6.947289156626515e+59 
